           1   45.00047    
           2   29.36308    
           3   21.92809    
           4   17.70313    
           5   14.97575    
           6   13.05834    
           7   11.62909    
           8   10.51766    
           9   9.625907    
          10   8.892492    
          11   8.277509    
          12   7.753176    
          13   7.300253    
          14   6.904811    
          15   6.555827    
          16   6.245338    
          17   5.967175    
          18   5.716294    
          19   5.488733    
          20   5.281253    
          21   5.091164    
          22   4.916317    
          23   4.754835    
          24   4.605260    
          25   4.466168    
          26   4.336522    
          27   4.215326    
          28   4.101800    
          29   3.995079    
          30   3.894661    
          31   3.799951    
          32   3.710396    
          33   3.625659    
          34   3.545282    
          35   3.468966    
          36   3.396352    
          37   3.327203    
          38   3.261243    
          39   3.198272    
          40   3.138041    
          41   3.080409    
          42   3.025197    
          43   2.972247    
          44   2.921394    
          45   2.872478    
          46   2.825508    
          47   2.780234    
          48   2.736646    
          49   2.694618    
          50   2.654094    
          51   2.614914    
          52   2.577071    
          53   2.540504    
          54   2.505121    
          55   2.470855    
          56   2.437669    
          57   2.405484    
          58   2.374299    
          59   2.344036    
          60   2.314647    
          61   2.286117    
          62   2.258375    
          63   2.231442    
          64   2.205221    
          65   2.179702    
          66   2.154868    
          67   2.130668    
          68   2.107133    
          69   2.084158    
          70   2.061800    
          71   2.039953    
          72   2.018659    
          73   1.997883    
          74   1.977568    
          75   1.957757    
          76   1.938403    
          77   1.919475    
          78   1.900968    
          79   1.882895    
          80   1.865205    
          81   1.847907    
          82   1.830967    
          83   1.814395    
          84   1.798158    
          85   1.782259    
          86   1.766688    
          87   1.751420    
          88   1.736471    
          89   1.721813    
          90   1.707430    
          91   1.693328    
          92   1.679507    
          93   1.665947    
          94   1.652624    
          95   1.639559    
          96   1.626719    
          97   1.614125    
          98   1.601743    
          99   1.589591    
         100   1.577652    
         101   1.565916    
         102   1.554381    
         103   1.543036    
         104   1.531903    
         105   1.520950    
         106   1.510168    
         107   1.499565    
         108   1.489143    
         109   1.478869    
         110   1.468773    
         111   1.458840    
         112   1.449045    
         113   1.439420    
         114   1.429951    
         115   1.420605    
         116   1.411398    
         117   1.402323    
         118   1.393397    
         119   1.384600    
         120   1.375947    
         121   1.367413    
         122   1.358991    
         123   1.350693    
         124   1.342529    
         125   1.334446    
         126   1.326493    
         127   1.318650    
         128   1.310910    
         129   1.303267    
         130   1.295746    
         131   1.288320    
         132   1.280996    
         133   1.273764    
         134   1.266637    
         135   1.259594    
         136   1.252644    
         137   1.245764    
         138   1.238986    
         139   1.232289    
         140   1.225678    
         141   1.219165    
         142   1.212708    
         143   1.206345    
         144   1.200056    
         145   1.193842    
         146   1.187694    
         147   1.181626    
         148   1.175625    
         149   1.169712    
         150   1.163857    
         151   1.158065    
         152   1.152342    
         153   1.146694    
         154   1.141106    
         155   1.135567    
         156   1.130109    
         157   1.124712    
         158   1.119367    
         159   1.114060    
         160   1.108831    
         161   1.103666    
         162   1.098559    
         163   1.093491    
         164   1.088491    
         165   1.083535    
         166   1.078637    
         167   1.073780    
         168   1.068976    
         169   1.064239    
         170   1.059542    
         171   1.054887    
         172   1.050281    
         173   1.045716    
         174   1.041200    
         175   1.036738    
         176   1.032327    
         177   1.027940    
         178   1.023602    
         179   1.019294    
         180   1.015054    
         181   1.010844    
         182   1.006684    
         183   1.002546    
         184  0.9984599    
         185  0.9944049    
         186  0.9903857    
         187  0.9864239    
         188  0.9824891    
         189  0.9786019    
         190  0.9747342    
         191  0.9708948    
         192  0.9671088    
         193  0.9633349    
         194  0.9596066    
         195  0.9559083    
         196  0.9522460    
         197  0.9486261    
         198  0.9450340    
         199  0.9414727    
         200  0.9379333    
         201  0.9344316    
         202  0.9309658    
         203  0.9275163    
         204  0.9241070    
         205  0.9207249    
         206  0.9173630    
         207  0.9140429    
         208  0.9107362    
         209  0.9074679    
         210  0.9042219    
         211  0.9010039    
         212  0.8978139    
         213  0.8946552    
         214  0.8915080    
         215  0.8884035    
         216  0.8853120    
         217  0.8822494    
         218  0.8792057    
         219  0.8761974    
         220  0.8732045    
         221  0.8702452    
         222  0.8673033    
         223  0.8643922    
         224  0.8614885    
         225  0.8586130    
         226  0.8557600    
         227  0.8529273    
         228  0.8501188    
         229  0.8473343    
         230  0.8445732    
         231  0.8418306    
         232  0.8391077    
         233  0.8364025    
         234  0.8337188    
         235  0.8310536    
         236  0.8284160    
         237  0.8257869    
         238  0.8231817    
         239  0.8205985    
         240  0.8180368    
         241  0.8154855    
         242  0.8129572    
         243  0.8104503    
         244  0.8079477    
         245  0.8054748    
         246  0.8030214    
         247  0.8005756    
         248  0.7981565    
         249  0.7957491    
         250  0.7933682    
         251  0.7909971    
         252  0.7886422    
         253  0.7862954    
         254  0.7839740    
         255  0.7816665    
         256  0.7793837    
         257  0.7771010    
         258  0.7748381    
         259  0.7725940    
         260  0.7703629    
         261  0.7681550    
         262  0.7659572    
         263  0.7637696    
         264  0.7616045    
         265  0.7594454    
         266  0.7572979    
         267  0.7551641    
         268  0.7530550    
         269  0.7509569    
         270  0.7488689    
         271  0.7467892    
         272  0.7447194    
         273  0.7426692    
         274  0.7406271    
         275  0.7386159    
         276  0.7366053    
         277  0.7346085    
         278  0.7326266    
         279  0.7306594    
         280  0.7287045    
         281  0.7267594    
         282  0.7248191    
         283  0.7228991    
         284  0.7209904    
         285  0.7190976    
         286  0.7172117    
         287  0.7153372    
         288  0.7134740    
         289  0.7116202    
         290  0.7097720    
         291  0.7079468    
         292  0.7061242    
         293  0.7043085    
         294  0.7025052    
         295  0.7007256    
         296  0.6989518    
         297  0.6971946    
         298  0.6954401    
         299  0.6936934    
         300  0.6919571    
         301  0.6902360    
         302  0.6885179    
         303  0.6868135    
         304  0.6851104    
         305  0.6834241    
         306  0.6817567    
         307  0.6800914    
         308  0.6784356    
         309  0.6767811    
         310  0.6751441    
         311  0.6735103    
         312  0.6719003    
         313  0.6702891    
         314  0.6686900    
         315  0.6670965    
         316  0.6655046    
         317  0.6639256    
         318  0.6623587    
         319  0.6608024    
         320  0.6592522    
         321  0.6577074    
         322  0.6561832    
         323  0.6546531    
         324  0.6531386    
         325  0.6516306    
         326  0.6501324    
         327  0.6486483    
         328  0.6471549    
         329  0.6456828    
         330  0.6442098    
         331  0.6427546    
         332  0.6413022    
         333  0.6398602    
         334  0.6384190    
         335  0.6369876    
         336  0.6355670    
         337  0.6341453    
         338  0.6327417    
         339  0.6313415    
         340  0.6299489    
         341  0.6285635    
         342  0.6271814    
         343  0.6258076    
         344  0.6244475    
         345  0.6230903    
         346  0.6217317    
         347  0.6203845    
         348  0.6190497    
         349  0.6177188    
         350  0.6163943    
         351  0.6150803    
         352  0.6137666    
         353  0.6124628    
         354  0.6111648    
         355  0.6098719    
         356  0.6085870    
         357  0.6073071    
         358  0.6060338    
         359  0.6047629    
         360  0.6035033    
         361  0.6022474    
         362  0.6010046    
         363  0.5997637    
         364  0.5985286    
         365  0.5972962    
         366  0.5960755    
         367  0.5948484    
         368  0.5936382    
         369  0.5924313    
         370  0.5912222    
         371  0.5900304    
         372  0.5888410    
         373  0.5876548    
         374  0.5864812    
         375  0.5853058    
         376  0.5841368    
         377  0.5829767    
         378  0.5818223    
         379  0.5806708    
         380  0.5795239    
         381  0.5783909    
         382  0.5772542    
         383  0.5761180    
         384  0.5749894    
         385  0.5738693    
         386  0.5727564    
         387  0.5716418    
         388  0.5705389    
         389  0.5694376    
         390  0.5683434    
         391  0.5672535    
         392  0.5661709    
         393  0.5650862    
         394  0.5640088    
         395  0.5629402    
         396  0.5618729    
         397  0.5608118    
         398  0.5597547    
         399  0.5587012    
         400  0.5576488    
         401  0.5566055    
         402  0.5555657    
         403  0.5545309    
         404  0.5534966    
         405  0.5524724    
         406  0.5514517    
         407  0.5504393    
         408  0.5494269    
         409  0.5484233    
         410  0.5474168    
         411  0.5464131    
         412  0.5454164    
         413  0.5444310    
         414  0.5434462    
         415  0.5424624    
         416  0.5414812    
         417  0.5405077    
         418  0.5395367    
         419  0.5385692    
         420  0.5376043    
         421  0.5366455    
         422  0.5356928    
         423  0.5347444    
         424  0.5337987    
         425  0.5328601    
         426  0.5319206    
         427  0.5309842    
         428  0.5300524    
         429  0.5291232    
         430  0.5282027    
         431  0.5272831    
         432  0.5263677    
         433  0.5254533    
         434  0.5245500    
         435  0.5236433    
         436  0.5227454    
         437  0.5218470    
         438  0.5209588    
         439  0.5200613    
         440  0.5191728    
         441  0.5182942    
         442  0.5174134    
         443  0.5165388    
         444  0.5156664    
         445  0.5147967    
         446  0.5139295    
         447  0.5130568    
         448  0.5121959    
         449  0.5113413    
         450  0.5104895    
         451  0.5096425    
         452  0.5087942    
         453  0.5079563    
         454  0.5071163    
         455  0.5062829    
         456  0.5054471    
         457  0.5046157    
         458  0.5037942    
         459  0.5029683    
         460  0.5021467    
         461  0.5013246    
         462  0.5005093    
         463  0.4996976    
         464  0.4988898    
         465  0.4980844    
         466  0.4972882    
         467  0.4964893    
         468  0.4956907    
         469  0.4948970    
         470  0.4941103    
         471  0.4933315    
         472  0.4925467    
         473  0.4917739    
         474  0.4909963    
         475  0.4902172    
         476  0.4894428    
         477  0.4886684    
         478  0.4878959    
         479  0.4871301    
         480  0.4863705    
         481  0.4856125    
         482  0.4848576    
         483  0.4841046    
         484  0.4833524    
         485  0.4826020    
         486  0.4818575    
         487  0.4811161    
         488  0.4803753    
         489  0.4796353    
         490  0.4789027    
         491  0.4781712    
         492  0.4774415    
         493  0.4767163    
         494  0.4759920    
         495  0.4752702    
         496  0.4745537    
         497  0.4738413    
         498  0.4731285    
         499  0.4724136    
         500  0.4717046    
         501  0.4709997    
         502  0.4702965    
         503  0.4695969    
         504  0.4688947    
         505  0.4681953    
         506  0.4675038    
         507  0.4668073    
         508  0.4661182    
         509  0.4654346    
         510  0.4647472    
         511  0.4640633    
         512  0.4633829    
         513  0.4627067    
         514  0.4620315    
         515  0.4613608    
         516  0.4606907    
         517  0.4600188    
         518  0.4593523    
         519  0.4586891    
         520  0.4580277    
         521  0.4573686    
         522  0.4567103    
         523  0.4560567    
         524  0.4554035    
         525  0.4547542    
         526  0.4541048    
         527  0.4534573    
         528  0.4528134    
         529  0.4521697    
         530  0.4515301    
         531  0.4508921    
         532  0.4502574    
         533  0.4496222    
         534  0.4489892    
         535  0.4483573    
         536  0.4477301    
         537  0.4471063    
         538  0.4464836    
         539  0.4458652    
         540  0.4452477    
         541  0.4446301    
         542  0.4440137    
         543  0.4434001    
         544  0.4427856    
         545  0.4421766    
         546  0.4415682    
         547  0.4409656    
         548  0.4403605    
         549  0.4397620    
         550  0.4391619    
         551  0.4385647    
         552  0.4379682    
         553  0.4373764    
         554  0.4367827    
         555  0.4361952    
         556  0.4356080    
         557  0.4350237    
         558  0.4344361    
         559  0.4338549    
         560  0.4332733    
         561  0.4326915    
         562  0.4321117    
         563  0.4315354    
         564  0.4309573    
         565  0.4303848    
         566  0.4298128    
         567  0.4292458    
         568  0.4286759    
         569  0.4281138    
         570  0.4275514    
         571  0.4269918    
         572  0.4264312    
         573  0.4258727    
         574  0.4253145    
         575  0.4247574    
         576  0.4242040    
         577  0.4236547    
         578  0.4231063    
         579  0.4225597    
         580  0.4220134    
         581  0.4214700    
         582  0.4209241    
         583  0.4203828    
         584  0.4198438    
         585  0.4193033    
         586  0.4187649    
         587  0.4182289    
         588  0.4176981    
         589  0.4171642    
         590  0.4166328    
         591  0.4161039    
         592  0.4155820    
         593  0.4150559    
         594  0.4145300    
         595  0.4140106    
         596  0.4134879    
         597  0.4129683    
         598  0.4124481    
         599  0.4119349    
         600  0.4114189    
         601  0.4109068    
         602  0.4103945    
         603  0.4098801    
         604  0.4093721    
         605  0.4088651    
         606  0.4083560    
         607  0.4078517    
         608  0.4073470    
         609  0.4068443    
         610  0.4063386    
         611  0.4058398    
         612  0.4053417    
         613  0.4048467    
         614  0.4043505    
         615  0.4038588    
         616  0.4033682    
         617  0.4028783    
         618  0.4023895    
         619  0.4019029    
         620  0.4014184    
         621  0.4009355    
         622  0.4004521    
         623  0.3999679    
         624  0.3994889    
         625  0.3990048    
         626  0.3985264    
         627  0.3980439    
         628  0.3975700    
         629  0.3970984    
         630  0.3966267    
         631  0.3961557    
         632  0.3956850    
         633  0.3952186    
         634  0.3947540    
         635  0.3942859    
         636  0.3938225    
         637  0.3933596    
         638  0.3928939    
         639  0.3924325    
         640  0.3919707    
         641  0.3915101    
         642  0.3910523    
         643  0.3905960    
         644  0.3901431    
         645  0.3896912    
         646  0.3892353    
         647  0.3887848    
         648  0.3883358    
         649  0.3878836    
         650  0.3874377    
         651  0.3869907    
         652  0.3865440    
         653  0.3861019    
         654  0.3856587    
         655  0.3852181    
         656  0.3847763    
         657  0.3843345    
         658  0.3838974    
         659  0.3834615    
         660  0.3830243    
         661  0.3825888    
         662  0.3821574    
         663  0.3817249    
         664  0.3812957    
         665  0.3808677    
         666  0.3804358    
         667  0.3800080    
         668  0.3795811    
         669  0.3791526    
         670  0.3787282    
         671  0.3783028    
         672  0.3778790    
         673  0.3774570    
         674  0.3770370    
         675  0.3766194    
         676  0.3761979    
         677  0.3757806    
         678  0.3753646    
         679  0.3749503    
         680  0.3745373    
         681  0.3741235    
         682  0.3737109    
         683  0.3733028    
         684  0.3728899    
         685  0.3724827    
         686  0.3720790    
         687  0.3716688    
         688  0.3712647    
         689  0.3708622    
         690  0.3704588    
         691  0.3700607    
         692  0.3696615    
         693  0.3692606    
         694  0.3688628    
         695  0.3684655    
         696  0.3680723    
         697  0.3676746    
         698  0.3672782    
         699  0.3668818    
         700  0.3664851    
         701  0.3660938    
         702  0.3657008    
         703  0.3653110    
         704  0.3649172    
         705  0.3645294    
         706  0.3641459    
         707  0.3637586    
         708  0.3633771    
         709  0.3629937    
         710  0.3626085    
         711  0.3622259    
         712  0.3618457    
         713  0.3614688    
         714  0.3610881    
         715  0.3607130    
         716  0.3603345    
         717  0.3599572    
         718  0.3595807    
         719  0.3592043    
         720  0.3588306    
         721  0.3584546    
         722  0.3580830    
         723  0.3577080    
         724  0.3573366    
         725  0.3569662    
         726  0.3565979    
         727  0.3562299    
         728  0.3558629    
         729  0.3554939    
         730  0.3551292    
         731  0.3547662    
         732  0.3543999    
         733  0.3540392    
         734  0.3536772    
         735  0.3533146    
         736  0.3529507    
         737  0.3525929    
         738  0.3522340    
         739  0.3518758    
         740  0.3515192    
         741  0.3511646    
         742  0.3508035    
         743  0.3504493    
         744  0.3500964    
         745  0.3497468    
         746  0.3493983    
         747  0.3490494    
         748  0.3487005    
         749  0.3483514    
         750  0.3480030    
         751  0.3476567    
         752  0.3473085    
         753  0.3469649    
         754  0.3466187    
         755  0.3462761    
         756  0.3459298    
         757  0.3455904    
         758  0.3452475    
         759  0.3449091    
         760  0.3445692    
         761  0.3442324    
         762  0.3438919    
         763  0.3435531    
         764  0.3432155    
         765  0.3428805    
         766  0.3425427    
         767  0.3422082    
         768  0.3418734    
         769  0.3415414    
         770  0.3412090    
         771  0.3408759    
         772  0.3405440    
         773  0.3402156    
         774  0.3398871    
         775  0.3395570    
         776  0.3392299    
         777  0.3389018    
         778  0.3385744    
         779  0.3382457    
         780  0.3379215    
         781  0.3375964    
         782  0.3372734    
         783  0.3369484    
         784  0.3366273    
         785  0.3363052    
         786  0.3359830    
         787  0.3356642    
         788  0.3353418    
         789  0.3350241    
         790  0.3347051    
         791  0.3343893    
         792  0.3340698    
         793  0.3337551    
         794  0.3334365    
         795  0.3331221    
         796  0.3328083    
         797  0.3324928    
         798  0.3321812    
         799  0.3318692    
         800  0.3315600    
         801  0.3312472    
         802  0.3309371    
         803  0.3306300    
         804  0.3303212    
         805  0.3300149    
         806  0.3297069    
         807  0.3294038    
         808  0.3290977    
         809  0.3287943    
         810  0.3284883    
         811  0.3281835    
         812  0.3278820    
         813  0.3275813    
         814  0.3272800    
         815  0.3269776    
         816  0.3266761    
         817  0.3263769    
         818  0.3260785    
         819  0.3257810    
         820  0.3254818    
         821  0.3251835    
         822  0.3248872    
         823  0.3245904    
         824  0.3242974    
         825  0.3240009    
         826  0.3237076    
         827  0.3234136    
         828  0.3231189    
         829  0.3228276    
         830  0.3225342    
         831  0.3222432    
         832  0.3219531    
         833  0.3216623    
         834  0.3213729    
         835  0.3210836    
         836  0.3207949    
         837  0.3205079    
         838  0.3202214    
         839  0.3199354    
         840  0.3196500    
         841  0.3193642    
         842  0.3190818    
         843  0.3187973    
         844  0.3185145    
         845  0.3182313    
         846  0.3179483    
         847  0.3176685    
         848  0.3173871    
         849  0.3171053    
         850  0.3168264    
         851  0.3165466    
         852  0.3162682    
         853  0.3159880    
         854  0.3157095    
         855  0.3154329    
         856  0.3151567    
         857  0.3148805    
         858  0.3146046    
         859  0.3143293    
         860  0.3140552    
         861  0.3137819    
         862  0.3135077    
         863  0.3132356    
         864  0.3129635    
         865  0.3126908    
         866  0.3124215    
         867  0.3121500    
         868  0.3118808    
         869  0.3116130    
         870  0.3113439    
         871  0.3110757    
         872  0.3108082    
         873  0.3105405    
         874  0.3102737    
         875  0.3100087    
         876  0.3097435    
         877  0.3094791    
         878  0.3092142    
         879  0.3089504    
         880  0.3086883    
         881  0.3084250    
         882  0.3081620    
         883  0.3079000    
         884  0.3076375    
         885  0.3073775    
         886  0.3071197    
         887  0.3068583    
         888  0.3065983    
         889  0.3063413    
         890  0.3060805    
         891  0.3058231    
         892  0.3055680    
         893  0.3053083    
         894  0.3050515    
         895  0.3047983    
         896  0.3045417    
         897  0.3042877    
         898  0.3040358    
         899  0.3037791    
         900  0.3035262    
         901  0.3032752    
         902  0.3030221    
         903  0.3027707    
         904  0.3025201    
         905  0.3022686    
         906  0.3020194    
         907  0.3017709    
         908  0.3015214    
         909  0.3012749    
         910  0.3010247    
         911  0.3007763    
         912  0.3005315    
         913  0.3002850    
         914  0.3000371    
         915  0.2997928    
         916  0.2995465    
         917  0.2993010    
         918  0.2990551    
         919  0.2988095    
         920  0.2985660    
         921  0.2983199    
         922  0.2980756    
         923  0.2978349    
         924  0.2975920    
         925  0.2973527    
         926  0.2971110    
         927  0.2968681    
         928  0.2966298    
         929  0.2963907    
         930  0.2961519    
         931  0.2959133    
         932  0.2956755    
         933  0.2954374    
         934  0.2951998    
         935  0.2949639    
         936  0.2947274    
         937  0.2944907    
         938  0.2942572    
         939  0.2940215    
         940  0.2937870    
         941  0.2935524    
         942  0.2933185    
         943  0.2930854    
         944  0.2928522    
         945  0.2926212    
         946  0.2923882    
         947  0.2921550    
         948  0.2919246    
         949  0.2916945    
         950  0.2914646    
         951  0.2912351    
         952  0.2910057    
         953  0.2907768    
         954  0.2905468    
         955  0.2903196    
         956  0.2900915    
         957  0.2898646    
         958  0.2896362    
         959  0.2894113    
         960  0.2891847    
         961  0.2889591    
         962  0.2887341    
         963  0.2885090    
         964  0.2882843    
         965  0.2880586    
         966  0.2878366    
         967  0.2876131    
         968  0.2873904    
         969  0.2871684    
         970  0.2869472    
         971  0.2867232    
         972  0.2865019    
         973  0.2862822    
         974  0.2860619    
         975  0.2858422    
         976  0.2856226    
         977  0.2854046    
         978  0.2851833    
         979  0.2849653    
         980  0.2847471    
         981  0.2845307    
         982  0.2843120    
         983  0.2840961    
         984  0.2838805    
         985  0.2836630    
         986  0.2834466    
         987  0.2832312    
         988  0.2830178    
         989  0.2828025    
         990  0.2825877    
         991  0.2823735    
         992  0.2821600    
         993  0.2819456    
         994  0.2817329    
         995  0.2815203    
         996  0.2813100    
         997  0.2810968    
         998  0.2808860    
         999  0.2806727    
        1000  0.2804624    
        1001  0.2802503    
        1002  0.2800412    
        1003  0.2798315    
        1004  0.2796242    
        1005  0.2794140    
        1006  0.2792057    
        1007  0.2789975    
        1008  0.2787914    
        1009  0.2785822    
        1010  0.2783767    
        1011  0.2781693    
        1012  0.2779641    
        1013  0.2777552    
        1014  0.2775507    
        1015  0.2773455    
        1016  0.2771424    
        1017  0.2769362    
        1018  0.2767338    
        1019  0.2765297    
        1020  0.2763279    
        1021  0.2761212    
        1022  0.2759199    
        1023  0.2757173    
        1024  0.2755164    
        1025  0.2753130    
        1026  0.2751137    
        1027  0.2749132    
        1028  0.2747136    
        1029  0.2745114    
        1030  0.2743131    
        1031  0.2741140    
        1032  0.2739162    
        1033  0.2737168    
        1034  0.2735183    
        1035  0.2733214    
        1036  0.2731223    
        1037  0.2729258    
        1038  0.2727270    
        1039  0.2725315    
        1040  0.2723346    
        1041  0.2721403    
        1042  0.2719430    
        1043  0.2717490    
        1044  0.2715514    
        1045  0.2713574    
        1046  0.2711610    
        1047  0.2709674    
        1048  0.2707734    
        1049  0.2705788    
        1050  0.2703854    
        1051  0.2701905    
        1052  0.2699974    
        1053  0.2698052    
        1054  0.2696151    
        1055  0.2694214    
        1056  0.2692311    
        1057  0.2690402    
        1058  0.2688495    
        1059  0.2686586    
        1060  0.2684662    
        1061  0.2682773    
        1062  0.2680881    
        1063  0.2679008    
        1064  0.2677100    
        1065  0.2675219    
        1066  0.2673347    
        1067  0.2671463    
        1068  0.2669582    
        1069  0.2667689    
        1070  0.2665839    
        1071  0.2663974    
        1072  0.2662122    
        1073  0.2660249    
        1074  0.2658395    
        1075  0.2656553    
        1076  0.2654701    
        1077  0.2652854    
        1078  0.2651000    
        1079  0.2649172    
        1080  0.2647338    
        1081  0.2645503    
        1082  0.2643667    
        1083  0.2641838    
        1084  0.2640035    
        1085  0.2638209    
        1086  0.2636382    
        1087  0.2634558    
        1088  0.2632737    
        1089  0.2630940    
        1090  0.2629139    
        1091  0.2627332    
        1092  0.2625514    
        1093  0.2623712    
        1094  0.2621921    
        1095  0.2620106    
        1096  0.2618310    
        1097  0.2616505    
        1098  0.2614716    
        1099  0.2612932    
        1100  0.2611145    
        1101  0.2609366    
        1102  0.2607571    
        1103  0.2605800    
        1104  0.2604021    
        1105  0.2602248    
        1106  0.2600484    
        1107  0.2598712    
        1108  0.2596960    
        1109  0.2595208    
        1110  0.2593448    
        1111  0.2591695    
        1112  0.2589940    
        1113  0.2588192    
        1114  0.2586452    
        1115  0.2584717    
        1116  0.2582977    
        1117  0.2581233    
        1118  0.2579504    
        1119  0.2577781    
        1120  0.2576054    
        1121  0.2574321    
        1122  0.2572598    
        1123  0.2570857    
        1124  0.2569163    
        1125  0.2567441    
        1126  0.2565721    
        1127  0.2564021    
        1128  0.2562321    
        1129  0.2560626    
        1130  0.2558919    
        1131  0.2557218    
        1132  0.2555531    
        1133  0.2553827    
        1134  0.2552144    
        1135  0.2550465    
        1136  0.2548778    
        1137  0.2547103    
        1138  0.2545413    
        1139  0.2543741    
        1140  0.2542088    
        1141  0.2540419    
        1142  0.2538735    
        1143  0.2537066    
        1144  0.2535417    
        1145  0.2533766    
        1146  0.2532105    
        1147  0.2530441    
        1148  0.2528806    
        1149  0.2527145    
        1150  0.2525499    
        1151  0.2523858    
        1152  0.2522207    
        1153  0.2520530    
        1154  0.2518880    
        1155  0.2517236    
        1156  0.2515608    
        1157  0.2513967    
        1158  0.2512323    
        1159  0.2510719    
        1160  0.2509086    
        1161  0.2507474    
        1162  0.2505878    
        1163  0.2504238    
        1164  0.2502615    
        1165  0.2501015    
        1166  0.2499415    
        1167  0.2497817    
        1168  0.2496222    
        1169  0.2494617    
        1170  0.2493022    
        1171  0.2491429    
        1172  0.2489838    
        1173  0.2488233    
        1174  0.2486628    
        1175  0.2485029    
        1176  0.2483461    
        1177  0.2481870    
        1178  0.2480298    
        1179  0.2478748    
        1180  0.2477165    
        1181  0.2475583    
        1182  0.2474038    
        1183  0.2472485    
        1184  0.2470914    
        1185  0.2469373    
        1186  0.2467791    
        1187  0.2466231    
        1188  0.2464692    
        1189  0.2463116    
        1190  0.2461557    
        1191  0.2460027    
        1192  0.2458456    
        1193  0.2456901    
        1194  0.2455377    
        1195  0.2453815    
        1196  0.2452269    
        1197  0.2450759    
        1198  0.2449208    
        1199  0.2447674    
        1200  0.2446166    
        1201  0.2444624    
        1202  0.2443100    
        1203  0.2441596    
        1204  0.2440053    
        1205  0.2438531    
        1206  0.2437034    
        1207  0.2435490    
        1208  0.2433986    
        1209  0.2432496    
        1210  0.2430977    
        1211  0.2429472    
        1212  0.2427990    
        1213  0.2426477    
        1214  0.2424993    
        1215  0.2423495    
        1216  0.2421999    
        1217  0.2420491    
        1218  0.2418991    
        1219  0.2417496    
        1220  0.2416006    
        1221  0.2414521    
        1222  0.2413050    
        1223  0.2411538    
        1224  0.2410065    
        1225  0.2408604    
        1226  0.2407118    
        1227  0.2405651    
        1228  0.2404200    
        1229  0.2402712    
        1230  0.2401251    
        1231  0.2399786    
        1232  0.2398325    
        1233  0.2396874    
        1234  0.2395419    
        1235  0.2393973    
        1236  0.2392500    
        1237  0.2391053    
        1238  0.2389622    
        1239  0.2388166    
        1240  0.2386729    
        1241  0.2385297    
        1242  0.2383834    
        1243  0.2382393    
        1244  0.2380960    
        1245  0.2379534    
        1246  0.2378101    
        1247  0.2376671    
        1248  0.2375260    
        1249  0.2373807    
        1250  0.2372389    
        1251  0.2370979    
        1252  0.2369550    
        1253  0.2368140    
        1254  0.2366726    
        1255  0.2365310    
        1256  0.2363883    
        1257  0.2362474    
        1258  0.2361079    
        1259  0.2359664    
        1260  0.2358274    
        1261  0.2356878    
        1262  0.2355472    
        1263  0.2354070    
        1264  0.2352672    
        1265  0.2351287    
        1266  0.2349883    
        1267  0.2348503    
        1268  0.2347106    
        1269  0.2345703    
        1270  0.2344322    
        1271  0.2342938    
        1272  0.2341570    
        1273  0.2340184    
        1274  0.2338815    
        1275  0.2337447    
        1276  0.2336062    
        1277  0.2334695    
        1278  0.2333324    
        1279  0.2331969    
        1280  0.2330599    
        1281  0.2329239    
        1282  0.2327879    
        1283  0.2326514    
        1284  0.2325154    
        1285  0.2323792    
        1286  0.2322450    
        1287  0.2321091    
        1288  0.2319747    
        1289  0.2318400    
        1290  0.2317048    
        1291  0.2315690    
        1292  0.2314341    
        1293  0.2313003    
        1294  0.2311658    
        1295  0.2310310    
        1296  0.2308972    
        1297  0.2307638    
        1298  0.2306287    
        1299  0.2304959    
        1300  0.2303631    
        1301  0.2302311    
        1302  0.2300980    
        1303  0.2299657    
        1304  0.2298340    
        1305  0.2297007    
        1306  0.2295683    
        1307  0.2294361    
        1308  0.2293055    
        1309  0.2291730    
        1310  0.2290419    
        1311  0.2289113    
        1312  0.2287799    
        1313  0.2286485    
        1314  0.2285184    
        1315  0.2283889    
        1316  0.2282596    
        1317  0.2281296    
        1318  0.2280002    
        1319  0.2278710    
        1320  0.2277411    
        1321  0.2276113    
        1322  0.2274821    
        1323  0.2273531    
        1324  0.2272241    
        1325  0.2270953    
        1326  0.2269669    
        1327  0.2268382    
        1328  0.2267095    
        1329  0.2265813    
        1330  0.2264536    
        1331  0.2263268    
        1332  0.2261990    
        1333  0.2260717    
        1334  0.2259443    
        1335  0.2258173    
        1336  0.2256899    
        1337  0.2255630    
        1338  0.2254367    
        1339  0.2253109    
        1340  0.2251846    
        1341  0.2250583    
        1342  0.2249326    
        1343  0.2248067    
        1344  0.2246815    
        1345  0.2245559    
        1346  0.2244314    
        1347  0.2243067    
        1348  0.2241819    
        1349  0.2240565    
        1350  0.2239328    
        1351  0.2238086    
        1352  0.2236847    
        1353  0.2235599    
        1354  0.2234365    
        1355  0.2233135    
        1356  0.2231900    
        1357  0.2230658    
        1358  0.2229434    
        1359  0.2228203    
        1360  0.2226979    
        1361  0.2225744    
        1362  0.2224523    
        1363  0.2223304    
        1364  0.2222082    
        1365  0.2220850    
        1366  0.2219633    
        1367  0.2218419    
        1368  0.2217204    
        1369  0.2215985    
        1370  0.2214773    
        1371  0.2213569    
        1372  0.2212359    
        1373  0.2211149    
        1374  0.2209943    
        1375  0.2208745    
        1376  0.2207544    
        1377  0.2206346    
        1378  0.2205142    
        1379  0.2203950    
        1380  0.2202753    
        1381  0.2201557    
        1382  0.2200356    
        1383  0.2199168    
        1384  0.2197981    
        1385  0.2196790    
        1386  0.2195598    
        1387  0.2194409    
        1388  0.2193229    
        1389  0.2192038    
        1390  0.2190856    
        1391  0.2189670    
        1392  0.2188496    
        1393  0.2187313    
        1394  0.2186135    
        1395  0.2184949    
        1396  0.2183772    
        1397  0.2182598    
        1398  0.2181423    
        1399  0.2180252    
        1400  0.2179085    
        1401  0.2177929    
        1402  0.2176764    
        1403  0.2175603    
        1404  0.2174436    
        1405  0.2173273    
        1406  0.2172115    
        1407  0.2170952    
        1408  0.2169791    
        1409  0.2168632    
        1410  0.2167485    
        1411  0.2166332    
        1412  0.2165181    
        1413  0.2164025    
        1414  0.2162870    
        1415  0.2161722    
        1416  0.2160575    
        1417  0.2159428    
        1418  0.2158285    
        1419  0.2157154    
        1420  0.2156014    
        1421  0.2154875    
        1422  0.2153731    
        1423  0.2152594    
        1424  0.2151467    
        1425  0.2150331    
        1426  0.2149204    
        1427  0.2148075    
        1428  0.2146956    
        1429  0.2145828    
        1430  0.2144702    
        1431  0.2143571    
        1432  0.2142447    
        1433  0.2141333    
        1434  0.2140214    
        1435  0.2139093    
        1436  0.2137976    
        1437  0.2136864    
        1438  0.2135755    
        1439  0.2134639    
        1440  0.2133522    
        1441  0.2132410    
        1442  0.2131309    
        1443  0.2130202    
        1444  0.2129095    
        1445  0.2127989    
        1446  0.2126888    
        1447  0.2125791    
        1448  0.2124689    
        1449  0.2123574    
        1450  0.2122472    
        1451  0.2121373    
        1452  0.2120288    
        1453  0.2119191    
        1454  0.2118092    
        1455  0.2117003    
        1456  0.2115912    
        1457  0.2114831    
        1458  0.2113734    
        1459  0.2112638    
        1460  0.2111545    
        1461  0.2110461    
        1462  0.2109384    
        1463  0.2108302    
        1464  0.2107219    
        1465  0.2106134    
        1466  0.2105058    
        1467  0.2103983    
        1468  0.2102896    
        1469  0.2101825    
        1470  0.2100750    
        1471  0.2099684    
        1472  0.2098618    
        1473  0.2097549    
        1474  0.2096487    
        1475  0.2095418    
        1476  0.2094359    
        1477  0.2093296    
        1478  0.2092229    
        1479  0.2091174    
        1480  0.2090111    
        1481  0.2089056    
        1482  0.2088005    
        1483  0.2086949    
        1484  0.2085894    
        1485  0.2084835    
        1486  0.2083783    
        1487  0.2082732    
        1488  0.2081678    
        1489  0.2080629    
        1490  0.2079582    
        1491  0.2078538    
        1492  0.2077506    
        1493  0.2076458    
        1494  0.2075412    
        1495  0.2074375    
        1496  0.2073334    
        1497  0.2072300    
        1498  0.2071256    
        1499  0.2070215    
        1500  0.2069187    
        1501  0.2068154    
        1502  0.2067129    
        1503  0.2066097    
        1504  0.2065057    
        1505  0.2064039    
        1506  0.2063002    
        1507  0.2061968    
        1508  0.2060947    
        1509  0.2059917    
        1510  0.2058895    
        1511  0.2057867    
        1512  0.2056844    
        1513  0.2055834    
        1514  0.2054803    
        1515  0.2053784    
        1516  0.2052770    
        1517  0.2051751    
        1518  0.2050743    
        1519  0.2049729    
        1520  0.2048711    
        1521  0.2047716    
        1522  0.2046701    
        1523  0.2045698    
        1524  0.2044700    
        1525  0.2043688    
        1526  0.2042687    
        1527  0.2041678    
        1528  0.2040678    
        1529  0.2039684    
        1530  0.2038676    
        1531  0.2037673    
        1532  0.2036686    
        1533  0.2035686    
        1534  0.2034693    
        1535  0.2033703    
        1536  0.2032697    
        1537  0.2031705    
        1538  0.2030706    
        1539  0.2029719    
        1540  0.2028736    
        1541  0.2027739    
        1542  0.2026751    
        1543  0.2025778    
        1544  0.2024788    
        1545  0.2023808    
        1546  0.2022838    
        1547  0.2021842    
        1548  0.2020859    
        1549  0.2019885    
        1550  0.2018906    
        1551  0.2017932    
        1552  0.2016955    
        1553  0.2015975    
        1554  0.2015005    
        1555  0.2014031    
        1556  0.2013063    
        1557  0.2012101    
        1558  0.2011120    
        1559  0.2010145    
        1560  0.2009186    
        1561  0.2008214    
        1562  0.2007253    
        1563  0.2006304    
        1564  0.2005328    
        1565  0.2004369    
        1566  0.2003422    
        1567  0.2002454    
        1568  0.2001497    
        1569  0.2000549    
        1570  0.1999567    
        1571  0.1998613    
        1572  0.1997671    
        1573  0.1996715    
        1574  0.1995768    
        1575  0.1994823    
        1576  0.1993865    
        1577  0.1992919    
        1578  0.1991978    
        1579  0.1991032    
        1580  0.1990090    
        1581  0.1989142    
        1582  0.1988187    
        1583  0.1987250    
        1584  0.1986309    
        1585  0.1985372    
        1586  0.1984437    
        1587  0.1983498    
        1588  0.1982554    
        1589  0.1981623    
        1590  0.1980688    
        1591  0.1979757    
        1592  0.1978822    
        1593  0.1977884    
        1594  0.1976944    
        1595  0.1976016    
        1596  0.1975093    
        1597  0.1974161    
        1598  0.1973235    
        1599  0.1972313    
        1600  0.1971377    
        1601  0.1970454    
        1602  0.1969541    
        1603  0.1968615    
        1604  0.1967693    
        1605  0.1966779    
        1606  0.1965846    
        1607  0.1964930    
        1608  0.1964028    
        1609  0.1963106    
        1610  0.1962196    
        1611  0.1961296    
        1612  0.1960367    
        1613  0.1959461    
        1614  0.1958560    
        1615  0.1957643    
        1616  0.1956737    
        1617  0.1955833    
        1618  0.1954912    
        1619  0.1954014    
        1620  0.1953111    
        1621  0.1952210    
        1622  0.1951312    
        1623  0.1950413    
        1624  0.1949513    
        1625  0.1948609    
        1626  0.1947713    
        1627  0.1946827    
        1628  0.1945914    
        1629  0.1945012    
        1630  0.1944124    
        1631  0.1943211    
        1632  0.1942322    
        1633  0.1941434    
        1634  0.1940532    
        1635  0.1939642    
        1636  0.1938754    
        1637  0.1937853    
        1638  0.1936968    
        1639  0.1936080    
        1640  0.1935199    
        1641  0.1934298    
        1642  0.1933415    
        1643  0.1932539    
        1644  0.1931642    
        1645  0.1930767    
        1646  0.1929896    
        1647  0.1929011    
        1648  0.1928143    
        1649  0.1927270    
        1650  0.1926386    
        1651  0.1925513    
        1652  0.1924640    
        1653  0.1923773    
        1654  0.1922888    
        1655  0.1922023    
        1656  0.1921157    
        1657  0.1920273    
        1658  0.1919415    
        1659  0.1918548    
        1660  0.1917683    
        1661  0.1916814    
        1662  0.1915947    
        1663  0.1915082    
        1664  0.1914205    
        1665  0.1913347    
        1666  0.1912485    
        1667  0.1911613    
        1668  0.1910759    
        1669  0.1909898    
        1670  0.1909034    
        1671  0.1908173    
        1672  0.1907319    
        1673  0.1906478    
        1674  0.1905614    
        1675  0.1904768    
        1676  0.1903916    
        1677  0.1903055    
        1678  0.1902204    
        1679  0.1901346    
        1680  0.1900501    
        1681  0.1899642    
        1682  0.1898802    
        1683  0.1897956    
        1684  0.1897098    
        1685  0.1896257    
        1686  0.1895411    
        1687  0.1894581    
        1688  0.1893731    
        1689  0.1892898    
        1690  0.1892058    
        1691  0.1891210    
        1692  0.1890373    
        1693  0.1889532    
        1694  0.1888706    
        1695  0.1887862    
        1696  0.1887035    
        1697  0.1886199    
        1698  0.1885358    
        1699  0.1884529    
        1700  0.1883699    
        1701  0.1882879    
        1702  0.1882039    
        1703  0.1881220    
        1704  0.1880386    
        1705  0.1879555    
        1706  0.1878718    
        1707  0.1877894    
        1708  0.1877079    
        1709  0.1876249    
        1710  0.1875437    
        1711  0.1874614    
        1712  0.1873794    
        1713  0.1872969    
        1714  0.1872155    
        1715  0.1871347    
        1716  0.1870525    
        1717  0.1869716    
        1718  0.1868898    
        1719  0.1868089    
        1720  0.1867257    
        1721  0.1866453    
        1722  0.1865642    
        1723  0.1864841    
        1724  0.1864022    
        1725  0.1863220    
        1726  0.1862409    
        1727  0.1861593    
        1728  0.1860793    
        1729  0.1859988    
        1730  0.1859192    
        1731  0.1858377    
        1732  0.1857583    
        1733  0.1856773    
        1734  0.1855965    
        1735  0.1855148    
        1736  0.1854355    
        1737  0.1853554    
        1738  0.1852754    
        1739  0.1851953    
        1740  0.1851153    
        1741  0.1850354    
        1742  0.1849549    
        1743  0.1848761    
        1744  0.1847966    
        1745  0.1847182    
        1746  0.1846379    
        1747  0.1845598    
        1748  0.1844798    
        1749  0.1844005    
        1750  0.1843205    
        1751  0.1842427    
        1752  0.1841641    
        1753  0.1840861    
        1754  0.1840069    
        1755  0.1839289    
        1756  0.1838499    
        1757  0.1837716    
        1758  0.1836932    
        1759  0.1836153    
        1760  0.1835380    
        1761  0.1834594    
        1762  0.1833820    
        1763  0.1833032    
        1764  0.1832242    
        1765  0.1831454    
        1766  0.1830686    
        1767  0.1829911    
        1768  0.1829148    
        1769  0.1828362    
        1770  0.1827598    
        1771  0.1826820    
        1772  0.1826052    
        1773  0.1825267    
        1774  0.1824505    
        1775  0.1823734    
        1776  0.1822973    
        1777  0.1822193    
        1778  0.1821431    
        1779  0.1820646    
        1780  0.1819886    
        1781  0.1819106    
        1782  0.1818353    
        1783  0.1817586    
        1784  0.1816831    
        1785  0.1816056    
        1786  0.1815301    
        1787  0.1814536    
        1788  0.1813782    
        1789  0.1813010    
        1790  0.1812260    
        1791  0.1811501    
        1792  0.1810756    
        1793  0.1809987    
        1794  0.1809233    
        1795  0.1808465    
        1796  0.1807720    
        1797  0.1806952    
        1798  0.1806210    
        1799  0.1805454    
        1800  0.1804713    
        1801  0.1803951    
        1802  0.1803210    
        1803  0.1802450    
        1804  0.1801705    
        1805  0.1800947    
        1806  0.1800202    
        1807  0.1799458    
        1808  0.1798719    
        1809  0.1797966    
        1810  0.1797212    
        1811  0.1796463    
        1812  0.1795719    
        1813  0.1794977    
        1814  0.1794230    
        1815  0.1793498    
        1816  0.1792758    
        1817  0.1792023    
        1818  0.1791272    
        1819  0.1790542    
        1820  0.1789790    
        1821  0.1789061    
        1822  0.1788311    
        1823  0.1787585    
        1824  0.1786848    
        1825  0.1786122    
        1826  0.1785368    
        1827  0.1784641    
        1828  0.1783899    
        1829  0.1783175    
        1830  0.1782437    
        1831  0.1781709    
        1832  0.1780985    
        1833  0.1780260    
        1834  0.1779538    
        1835  0.1778801    
        1836  0.1778081    
        1837  0.1777346    
        1838  0.1776631    
        1839  0.1775892    
        1840  0.1775174    
        1841  0.1774450    
        1842  0.1773729    
        1843  0.1772993    
        1844  0.1772275    
        1845  0.1771551    
        1846  0.1770833    
        1847  0.1770114    
        1848  0.1769392    
        1849  0.1768684    
        1850  0.1767956    
        1851  0.1767249    
        1852  0.1766521    
        1853  0.1765815    
        1854  0.1765090    
        1855  0.1764384    
        1856  0.1763665    
        1857  0.1762958    
        1858  0.1762251    
        1859  0.1761536    
        1860  0.1760812    
        1861  0.1760093    
        1862  0.1759388    
        1863  0.1758671    
        1864  0.1757973    
        1865  0.1757255    
        1866  0.1756553    
        1867  0.1755858    
        1868  0.1755153    
        1869  0.1754453    
        1870  0.1753737    
        1871  0.1753038    
        1872  0.1752327    
        1873  0.1751656    
        1874  0.1750936    
        1875  0.1750244    
        1876  0.1749542    
        1877  0.1748841    
        1878  0.1748156    
        1879  0.1747449    
        1880  0.1746757    
        1881  0.1746058    
        1882  0.1745375    
        1883  0.1744678    
        1884  0.1743993    
        1885  0.1743305    
        1886  0.1742616    
        1887  0.1741932    
        1888  0.1741229    
        1889  0.1740544    
        1890  0.1739845    
        1891  0.1739166    
        1892  0.1738473    
        1893  0.1737781    
        1894  0.1737096    
        1895  0.1736405    
        1896  0.1735727    
        1897  0.1735028    
        1898  0.1734349    
        1899  0.1733661    
        1900  0.1732983    
        1901  0.1732308    
        1902  0.1731617    
        1903  0.1730948    
        1904  0.1730268    
        1905  0.1729596    
        1906  0.1728913    
        1907  0.1728233    
        1908  0.1727554    
        1909  0.1726874    
        1910  0.1726206    
        1911  0.1725516    
        1912  0.1724840    
        1913  0.1724166    
        1914  0.1723491    
        1915  0.1722822    
        1916  0.1722134    
        1917  0.1721462    
        1918  0.1720784    
        1919  0.1720118    
        1920  0.1719449    
        1921  0.1718768    
        1922  0.1718107    
        1923  0.1717433    
        1924  0.1716772    
        1925  0.1716098    
        1926  0.1715426    
        1927  0.1714758    
        1928  0.1714085    
        1929  0.1713427    
        1930  0.1712749    
        1931  0.1712082    
        1932  0.1711426    
        1933  0.1710759    
        1934  0.1710106    
        1935  0.1709430    
        1936  0.1708769    
        1937  0.1708107    
        1938  0.1707447    
        1939  0.1706794    
        1940  0.1706122    
        1941  0.1705470    
        1942  0.1704815    
        1943  0.1704157    
        1944  0.1703508    
        1945  0.1702839    
        1946  0.1702184    
        1947  0.1701529    
        1948  0.1700874    
        1949  0.1700223    
        1950  0.1699552    
        1951  0.1698905    
        1952  0.1698258    
        1953  0.1697609    
        1954  0.1696963    
        1955  0.1696300    
        1956  0.1695652    
        1957  0.1695002    
        1958  0.1694357    
        1959  0.1693714    
        1960  0.1693057    
        1961  0.1692416    
        1962  0.1691774    
        1963  0.1691130    
        1964  0.1690489    
        1965  0.1689831    
        1966  0.1689184    
        1967  0.1688538    
        1968  0.1687894    
        1969  0.1687248    
        1970  0.1686592    
        1971  0.1685955    
        1972  0.1685321    
        1973  0.1684678    
        1974  0.1684043    
        1975  0.1683393    
        1976  0.1682755    
        1977  0.1682118    
        1978  0.1681477    
        1979  0.1680846    
        1980  0.1680202    
        1981  0.1679566    
        1982  0.1678937    
        1983  0.1678299    
        1984  0.1677669    
        1985  0.1677032    
        1986  0.1676392    
        1987  0.1675760    
        1988  0.1675127    
        1989  0.1674494    
        1990  0.1673863    
        1991  0.1673224    
        1992  0.1672602    
        1993  0.1671976    
        1994  0.1671347    
        1995  0.1670724    
        1996  0.1670086    
        1997  0.1669459    
        1998  0.1668836    
        1999  0.1668208    
        2000  0.1667587    

real	6m31.656s
user	0m0.168s
sys	0m0.232s
