           1   45.00045    
           2   29.36302    
           3   21.92806    
           4   17.70239    
           5   14.97513    
           6   13.05786    
           7   11.62862    
           8   10.51706    
           9   9.625340    
          10   8.892104    
          11   8.277347    
          12   7.752607    
          13   7.300097    
          14   6.904337    
          15   6.555674    
          16   6.244915    
          17   5.966876    
          18   5.716044    
          19   5.488427    
          20   5.281148    
          21   5.090879    
          22   4.916101    
          23   4.754606    
          24   4.605010    
          25   4.466163    
          26   4.336510    
          27   4.215256    
          28   4.101694    
          29   3.994908    
          30   3.894559    
          31   3.799796    
          32   3.710228    
          33   3.625552    
          34   3.545143    
          35   3.468880    
          36   3.396162    
          37   3.327098    
          38   3.261274    
          39   3.198305    
          40   3.138051    
          41   3.080384    
          42   3.025136    
          43   2.972203    
          44   2.921324    
          45   2.872422    
          46   2.825508    
          47   2.780223    
          48   2.736603    
          49   2.694582    
          50   2.654063    
          51   2.614880    
          52   2.577041    
          53   2.540451    
          54   2.505044    
          55   2.470719    
          56   2.437539    
          57   2.405370    
          58   2.374186    
          59   2.343966    
          60   2.314519    
          61   2.285990    
          62   2.258282    
          63   2.231353    
          64   2.205174    
          65   2.179670    
          66   2.154861    
          67   2.130627    
          68   2.107087    
          69   2.084109    
          70   2.061735    
          71   2.039898    
          72   2.018619    
          73   1.997833    
          74   1.977534    
          75   1.957748    
          76   1.938416    
          77   1.919468    
          78   1.900974    
          79   1.882877    
          80   1.865161    
          81   1.847870    
          82   1.830926    
          83   1.814336    
          84   1.798125    
          85   1.782232    
          86   1.766658    
          87   1.751374    
          88   1.736407    
          89   1.721731    
          90   1.707376    
          91   1.693296    
          92   1.679525    
          93   1.665972    
          94   1.652657    
          95   1.639585    
          96   1.626730    
          97   1.614124    
          98   1.601730    
          99   1.589578    
         100   1.577621    
         101   1.565887    
         102   1.554355    
         103   1.543028    
         104   1.531895    
         105   1.520937    
         106   1.510146    
         107   1.499536    
         108   1.489134    
         109   1.478849    
         110   1.468745    
         111   1.458811    
         112   1.449039    
         113   1.439435    
         114   1.429944    
         115   1.420596    
         116   1.411377    
         117   1.402311    
         118   1.393404    
         119   1.384613    
         120   1.375946    
         121   1.367405    
         122   1.358988    
         123   1.350681    
         124   1.342510    
         125   1.334435    
         126   1.326478    
         127   1.318622    
         128   1.310887    
         129   1.303249    
         130   1.295726    
         131   1.288279    
         132   1.280945    
         133   1.273705    
         134   1.266572    
         135   1.259526    
         136   1.252583    
         137   1.245704    
         138   1.238924    
         139   1.232219    
         140   1.225586    
         141   1.219069    
         142   1.212618    
         143   1.206252    
         144   1.199958    
         145   1.193741    
         146   1.187590    
         147   1.181513    
         148   1.175521    
         149   1.169599    
         150   1.163749    
         151   1.157962    
         152   1.152242    
         153   1.146596    
         154   1.141014    
         155   1.135494    
         156   1.130043    
         157   1.124660    
         158   1.119327    
         159   1.114027    
         160   1.108801    
         161   1.103626    
         162   1.098512    
         163   1.093450    
         164   1.088448    
         165   1.083494    
         166   1.078593    
         167   1.073741    
         168   1.068937    
         169   1.064204    
         170   1.059502    
         171   1.054842    
         172   1.050230    
         173   1.045661    
         174   1.041147    
         175   1.036681    
         176   1.032277    
         177   1.027899    
         178   1.023556    
         179   1.019257    
         180   1.015004    
         181   1.010792    
         182   1.006620    
         183   1.002487    
         184  0.9983951    
         185  0.9943411    
         186  0.9903323    
         187  0.9863619    
         188  0.9824271    
         189  0.9785322    
         190  0.9746631    
         191  0.9708225    
         192  0.9670402    
         193  0.9632708    
         194  0.9595512    
         195  0.9558589    
         196  0.9522007    
         197  0.9485893    
         198  0.9449976    
         199  0.9414284    
         200  0.9378863    
         201  0.9343760    
         202  0.9309045    
         203  0.9274448    
         204  0.9240367    
         205  0.9206579    
         206  0.9172972    
         207  0.9139784    
         208  0.9106647    
         209  0.9074019    
         210  0.9041551    
         211  0.9009255    
         212  0.8977332    
         213  0.8945642    
         214  0.8914149    
         215  0.8883106    
         216  0.8852182    
         217  0.8821583    
         218  0.8791146    
         219  0.8761064    
         220  0.8731238    
         221  0.8701598    
         222  0.8672231    
         223  0.8643162    
         224  0.8614181    
         225  0.8585466    
         226  0.8556917    
         227  0.8528625    
         228  0.8500527    
         229  0.8472724    
         230  0.8445224    
         231  0.8417829    
         232  0.8390774    
         233  0.8363719    
         234  0.8336907    
         235  0.8310233    
         236  0.8283848    
         237  0.8257634    
         238  0.8231580    
         239  0.8205771    
         240  0.8180169    
         241  0.8154619    
         242  0.8129379    
         243  0.8104224    
         244  0.8079155    
         245  0.8054390    
         246  0.8029842    
         247  0.8005444    
         248  0.7981231    
         249  0.7957178    
         250  0.7933438    
         251  0.7909693    
         252  0.7886187    
         253  0.7862792    
         254  0.7839523    
         255  0.7816405    
         256  0.7793548    
         257  0.7770697    
         258  0.7748074    
         259  0.7725627    
         260  0.7703328    
         261  0.7681218    
         262  0.7659235    
         263  0.7637380    
         264  0.7615697    
         265  0.7594069    
         266  0.7572598    
         267  0.7551261    
         268  0.7530143    
         269  0.7509121    
         270  0.7488263    
         271  0.7467492    
         272  0.7446827    
         273  0.7426311    
         274  0.7405897    
         275  0.7385788    
         276  0.7365646    
         277  0.7345672    
         278  0.7325877    
         279  0.7306221    
         280  0.7286655    
         281  0.7267167    
         282  0.7247738    
         283  0.7228562    
         284  0.7209436    
         285  0.7190488    
         286  0.7171614    
         287  0.7152882    
         288  0.7134238    
         289  0.7115765    
         290  0.7097318    
         291  0.7079120    
         292  0.7060912    
         293  0.7042755    
         294  0.7024693    
         295  0.7006901    
         296  0.6989216    
         297  0.6971663    
         298  0.6954098    
         299  0.6936622    
         300  0.6919259    
         301  0.6902058    
         302  0.6884909    
         303  0.6867853    
         304  0.6850875    
         305  0.6834042    
         306  0.6817387    
         307  0.6800692    
         308  0.6784187    
         309  0.6767658    
         310  0.6751311    
         311  0.6734989    
         312  0.6718874    
         313  0.6702790    
         314  0.6686766    
         315  0.6670884    
         316  0.6654965    
         317  0.6639172    
         318  0.6623508    
         319  0.6607937    
         320  0.6592448    
         321  0.6577000    
         322  0.6561767    
         323  0.6546413    
         324  0.6531249    
         325  0.6516165    
         326  0.6501131    
         327  0.6486308    
         328  0.6471401    
         329  0.6456630    
         330  0.6441916    
         331  0.6427333    
         332  0.6412821    
         333  0.6398392    
         334  0.6384022    
         335  0.6369712    
         336  0.6355479    
         337  0.6341305    
         338  0.6327330    
         339  0.6313298    
         340  0.6299363    
         341  0.6285459    
         342  0.6271612    
         343  0.6257898    
         344  0.6244279    
         345  0.6230700    
         346  0.6217118    
         347  0.6203550    
         348  0.6190195    
         349  0.6176905    
         350  0.6163639    
         351  0.6150546    
         352  0.6137468    
         353  0.6124358    
         354  0.6111417    
         355  0.6098521    
         356  0.6085666    
         357  0.6072885    
         358  0.6060152    
         359  0.6047394    
         360  0.6034803    
         361  0.6022242    
         362  0.6009816    
         363  0.5997423    
         364  0.5985078    
         365  0.5972776    
         366  0.5960488    
         367  0.5948190    
         368  0.5936067    
         369  0.5923992    
         370  0.5911924    
         371  0.5899963    
         372  0.5888049    
         373  0.5876185    
         374  0.5864440    
         375  0.5852690    
         376  0.5841058    
         377  0.5829473    
         378  0.5817919    
         379  0.5806385    
         380  0.5794899    
         381  0.5783614    
         382  0.5772266    
         383  0.5760934    
         384  0.5749692    
         385  0.5738518    
         386  0.5727391    
         387  0.5716197    
         388  0.5705190    
         389  0.5694118    
         390  0.5683169    
         391  0.5672254    
         392  0.5661468    
         393  0.5650489    
         394  0.5639709    
         395  0.5629128    
         396  0.5618435    
         397  0.5607805    
         398  0.5597214    
         399  0.5586695    
         400  0.5576149    
         401  0.5565681    
         402  0.5555295    
         403  0.5544997    
         404  0.5534636    
         405  0.5524381    
         406  0.5514172    
         407  0.5504072    
         408  0.5493873    
         409  0.5483833    
         410  0.5473768    
         411  0.5463757    
         412  0.5453769    
         413  0.5443922    
         414  0.5434087    
         415  0.5424260    
         416  0.5414424    
         417  0.5404684    
         418  0.5394968    
         419  0.5385306    
         420  0.5375663    
         421  0.5366101    
srun: Job step aborted: Waiting up to 32 seconds for job step to finish.
srun: got SIGCONT
srun: got SIGCONT
slurmstepd: error: *** STEP 3853426.0 ON nid00179 CANCELLED AT 2017-02-24T15:29:24 ***
srun: forcing job termination
