           1   45.00047    
           2   29.36308    
           3   21.92805    
           4   17.70319    
           5   14.97581    
           6   13.05834    
           7   11.62903    
           8   10.51770    
           9   9.625908    
          10   8.892567    
          11   8.277510    
          12   7.753218    
          13   7.300333    
          14   6.904820    
          15   6.555816    
          16   6.245374    
          17   5.967206    
          18   5.716333    
          19   5.488745    
          20   5.281255    
          21   5.091149    
          22   4.916312    
          23   4.754842    
          24   4.605252    
          25   4.466171    
          26   4.336548    
          27   4.215364    
          28   4.101795    
          29   3.995070    
          30   3.894668    
          31   3.799935    
          32   3.710411    
          33   3.625666    
          34   3.545294    
          35   3.468964    
          36   3.396358    
          37   3.327212    
          38   3.261251    
          39   3.198282    
          40   3.138046    
          41   3.080417    
          42   3.025204    
          43   2.972246    
          44   2.921383    
          45   2.872494    
          46   2.825516    
          47   2.780249    
          48   2.736667    
          49   2.694646    
          50   2.654091    
          51   2.614929    
          52   2.577090    
          53   2.540516    
          54   2.505116    
          55   2.470855    
          56   2.437665    
          57   2.405491    
          58   2.374303    
          59   2.344043    
          60   2.314652    
          61   2.286118    
          62   2.258377    
          63   2.231449    
          64   2.205225    
          65   2.179707    
          66   2.154876    
          67   2.130675    
          68   2.107135    
          69   2.084157    
          70   2.061802    
          71   2.039968    
          72   2.018659    
          73   1.997888    
          74   1.977566    
          75   1.957756    
          76   1.938398    
          77   1.919478    
          78   1.900984    
          79   1.882899    
          80   1.865207    
          81   1.847912    
          82   1.830971    
          83   1.814399    
          84   1.798157    
          85   1.782258    
          86   1.766684    
          87   1.751421    
          88   1.736474    
          89   1.721813    
          90   1.707428    
          91   1.693334    
          92   1.679510    
          93   1.665948    
          94   1.652627    
          95   1.639563    
          96   1.626723    
          97   1.614127    
          98   1.601747    
          99   1.589592    
         100   1.577653    
         101   1.565915    
         102   1.554387    
         103   1.543039    
         104   1.531902    
         105   1.520950    
         106   1.510174    
         107   1.499570    
         108   1.489148    
         109   1.478879    
         110   1.468777    
         111   1.458847    
         112   1.449042    
         113   1.439413    
         114   1.429942    
         115   1.420600    
         116   1.411394    
         117   1.402325    
         118   1.393399    
         119   1.384603    
         120   1.375953    
         121   1.367419    
         122   1.358995    
         123   1.350698    
         124   1.342524    
         125   1.334452    
         126   1.326500    
         127   1.318660    
         128   1.310923    
         129   1.303283    
         130   1.295754    
         131   1.288321    
         132   1.281002    
         133   1.273765    
         134   1.266633    
         135   1.259587    
         136   1.252636    
         137   1.245766    
         138   1.238987    
         139   1.232291    
         140   1.225680    
         141   1.219164    
         142   1.212711    
         143   1.206347    
         144   1.200055    
         145   1.193845    
         146   1.187695    
         147   1.181629    
         148   1.175639    
         149   1.169717    
         150   1.163860    
         151   1.158070    
         152   1.152345    
         153   1.146692    
         154   1.141104    
         155   1.135570    
         156   1.130113    
         157   1.124710    
         158   1.119367    
         159   1.114065    
         160   1.108841    
         161   1.103673    
         162   1.098563    
         163   1.093499    
         164   1.088497    
         165   1.083537    
         166   1.078636    
         167   1.073782    
         168   1.068981    
         169   1.064246    
         170   1.059541    
         171   1.054886    
         172   1.050285    
         173   1.045725    
         174   1.041212    
         175   1.036740    
         176   1.032330    
         177   1.027946    
         178   1.023615    
         179   1.019318    
         180   1.015076    
         181   1.010863    
         182   1.006696    
         183   1.002560    
         184  0.9984784    
         185  0.9944178    
         186  0.9904088    
         187  0.9864306    
         188  0.9824910    
         189  0.9786031    
         190  0.9747332    
         191  0.9708996    
         192  0.9671102    
         193  0.9633347    
         194  0.9596171    
         195  0.9559162    
         196  0.9522578    
         197  0.9486292    
         198  0.9450376    
         199  0.9414722    
         200  0.9379390    
         201  0.9344338    
         202  0.9309633    
         203  0.9275174    
         204  0.9241070    
         205  0.9207251    
         206  0.9173617    
         207  0.9140386    
         208  0.9107353    
         209  0.9074665    
         210  0.9042243    
         211  0.9010042    
         212  0.8978146    
         213  0.8946549    
         214  0.8915113    
         215  0.8884044    
         216  0.8853158    
         217  0.8822530    
         218  0.8792132    
         219  0.8762031    
         220  0.8732095    
         221  0.8702500    
         222  0.8673047    
         223  0.8643929    
         224  0.8614908    
         225  0.8586193    
         226  0.8557663    
         227  0.8529301    
         228  0.8501246    
         229  0.8473362    
         230  0.8445742    
         231  0.8418316    
         232  0.8391076    
         233  0.8364023    
         234  0.8337193    
         235  0.8310547    
         236  0.8284177    
         237  0.8257875    
         238  0.8231859    
         239  0.8205994    
         240  0.8180417    
         241  0.8154892    
         242  0.8129588    
         243  0.8104534    
         244  0.8079503    
         245  0.8054802    
         246  0.8030254    
         247  0.8005801    
         248  0.7981621    
         249  0.7957512    
         250  0.7933713    
         251  0.7909940    
         252  0.7886404    
         253  0.7862943    
         254  0.7839767    
         255  0.7816661    
         256  0.7793850    
         257  0.7771017    
         258  0.7748411    
         259  0.7725990    
         260  0.7703648    
         261  0.7681561    
         262  0.7659588    
         263  0.7637682    
         264  0.7616037    
         265  0.7594470    
         266  0.7572988    
         267  0.7551684    
         268  0.7530565    
         269  0.7509565    
         270  0.7488666    
         271  0.7467886    
         272  0.7447252    
         273  0.7426771    
         274  0.7406389    
         275  0.7386259    
         276  0.7366160    
         277  0.7346158    
         278  0.7326379    
         279  0.7306658    
         280  0.7287102    
         281  0.7267604    
         282  0.7248240    
         283  0.7229040    
         284  0.7209961    
         285  0.7190982    
         286  0.7172124    
         287  0.7153381    
         288  0.7134740    
         289  0.7116211    
         290  0.7097753    
         291  0.7079477    
         292  0.7061281    
         293  0.7043133    
         294  0.7025104    
         295  0.7007281    
         296  0.6989580    
         297  0.6971918    
         298  0.6954394    
         299  0.6936936    
         300  0.6919574    
         301  0.6902315    
         302  0.6885195    
         303  0.6868154    
         304  0.6851131    
         305  0.6834264    
         306  0.6817567    
         307  0.6800897    
         308  0.6784350    
         309  0.6767812    
         310  0.6751454    
         311  0.6735150    
         312  0.6718990    
         313  0.6702885    
         314  0.6686867    
         315  0.6670917    
         316  0.6655072    
         317  0.6639310    
         318  0.6623652    
         319  0.6608081    
         320  0.6592557    
         321  0.6577128    
         322  0.6561847    
         323  0.6546592    
         324  0.6531417    
         325  0.6516334    
         326  0.6501361    
         327  0.6486464    
         328  0.6471601    
         329  0.6456863    
         330  0.6442138    
         331  0.6427559    
         332  0.6413038    
         333  0.6398613    
         334  0.6384221    
         335  0.6369904    
         336  0.6355686    
         337  0.6341490    
         338  0.6327422    
         339  0.6313433    
         340  0.6299478    
         341  0.6285655    
         342  0.6271859    
         343  0.6258107    
         344  0.6244506    
         345  0.6230940    
         346  0.6217356    
         347  0.6203884    
         348  0.6190538    
         349  0.6177233    
         350  0.6163979    
         351  0.6150838    
         352  0.6137702    
         353  0.6124651    
         354  0.6111670    
         355  0.6098723    
         356  0.6085901    
         357  0.6073106    
         358  0.6060356    
         359  0.6047685    
         360  0.6035084    
         361  0.6022512    
         362  0.6010073    
         363  0.5997670    
         364  0.5985315    
         365  0.5972986    
         366  0.5960792    
         367  0.5948523    
         368  0.5936430    
         369  0.5924374    
         370  0.5912305    
         371  0.5900367    
         372  0.5888482    
         373  0.5876638    
         374  0.5864875    
         375  0.5853111    
         376  0.5841427    
         377  0.5829831    
         378  0.5818253    
         379  0.5806740    
         380  0.5795282    
         381  0.5783927    
         382  0.5772562    
         383  0.5761201    
         384  0.5749937    
         385  0.5738747    
         386  0.5727599    
         387  0.5716460    
         388  0.5705405    
         389  0.5694390    
         390  0.5683463    
         391  0.5672547    
         392  0.5661704    
         393  0.5650867    
         394  0.5640120    
         395  0.5629416    
         396  0.5618731    
         397  0.5608131    
         398  0.5597574    
         399  0.5587011    
         400  0.5576503    
         401  0.5566068    
         402  0.5555695    
         403  0.5545340    
         404  0.5535012    
         405  0.5524751    
         406  0.5514561    
         407  0.5504429    
         408  0.5494305    
         409  0.5484257    
         410  0.5474194    
         411  0.5464147    
         412  0.5454196    
         413  0.5444316    
         414  0.5434463    
         415  0.5424615    
         416  0.5414807    
         417  0.5405065    
         418  0.5395373    
         419  0.5385715    
         420  0.5376081    
         421  0.5366467    
         422  0.5356944    
         423  0.5347469    
         424  0.5337991    
         425  0.5328602    
         426  0.5319223    
         427  0.5309862    
         428  0.5300564    
         429  0.5291268    
         430  0.5282055    
         431  0.5272868    
         432  0.5263698    
         433  0.5254544    
         434  0.5245485    
         435  0.5236441    
         436  0.5227445    
         437  0.5218465    
         438  0.5209568    
         439  0.5200593    
         440  0.5191728    
         441  0.5182937    
         442  0.5174150    
         443  0.5165385    
         444  0.5156654    
         445  0.5147949    
         446  0.5139267    
         447  0.5130615    
         448  0.5122034    
         449  0.5113501    
         450  0.5104961    
         451  0.5096489    
         452  0.5088031    
         453  0.5079615    
         454  0.5071216    
         455  0.5062873    
         456  0.5054522    
         457  0.5046191    
         458  0.5037971    
         459  0.5029730    
         460  0.5021538    
         461  0.5013310    
         462  0.5005162    
         463  0.4997044    
         464  0.4988975    
         465  0.4980927    
         466  0.4972933    
         467  0.4964943    
         468  0.4956999    
         469  0.4949049    
         470  0.4941138    
         471  0.4933299    
         472  0.4925456    
         473  0.4917688    
         474  0.4909915    
         475  0.4902176    
         476  0.4894446    
         477  0.4886686    
         478  0.4878987    
         479  0.4871354    
         480  0.4863755    
         481  0.4856168    
         482  0.4848609    
         483  0.4841096    
         484  0.4833584    
         485  0.4826078    
         486  0.4818645    
         487  0.4811219    
         488  0.4803804    
         489  0.4796433    
         490  0.4789107    
         491  0.4781781    
         492  0.4774489    
         493  0.4767224    
         494  0.4759988    
         495  0.4752774    
         496  0.4745593    
         497  0.4738443    
         498  0.4731296    
         499  0.4724175    
         500  0.4717080    
         501  0.4710020    
         502  0.4702985    
         503  0.4695986    
         504  0.4688977    
         505  0.4681993    
         506  0.4675053    
         507  0.4668134    
         508  0.4661238    
         509  0.4654379    
         510  0.4647532    
         511  0.4640689    
         512  0.4633890    
         513  0.4627115    
         514  0.4620357    
         515  0.4613633    
         516  0.4606924    
         517  0.4600238    
         518  0.4593578    
         519  0.4586937    
         520  0.4580325    
         521  0.4573738    
         522  0.4567171    
         523  0.4560605    
         524  0.4554079    
         525  0.4547576    
         526  0.4541070    
         527  0.4534608    
         528  0.4528171    
         529  0.4521742    
         530  0.4515332    
         531  0.4508975    
         532  0.4502616    
         533  0.4496276    
         534  0.4489965    
         535  0.4483650    
         536  0.4477366    
         537  0.4471119    
         538  0.4464900    
         539  0.4458695    
         540  0.4452515    
         541  0.4446337    
         542  0.4440179    
         543  0.4434024    
         544  0.4427884    
         545  0.4421799    
         546  0.4415720    
         547  0.4409677    
         548  0.4403632    
         549  0.4397635    
         550  0.4391637    
         551  0.4385667    
         552  0.4379699    
         553  0.4373775    
         554  0.4367846    
         555  0.4361957    
         556  0.4356077    
         557  0.4350224    
         558  0.4344359    
         559  0.4338536    
         560  0.4332728    
         561  0.4326920    
         562  0.4321129    
         563  0.4315355    
         564  0.4309581    
         565  0.4303870    
         566  0.4298154    
         567  0.4292478    
         568  0.4286789    
         569  0.4281157    
         570  0.4275531    
         571  0.4269922    
         572  0.4264325    
         573  0.4258735    
         574  0.4253164    
         575  0.4247600    
         576  0.4242071    
         577  0.4236568    
         578  0.4231073    
         579  0.4225601    
         580  0.4220139    
         581  0.4214704    
         582  0.4209267    
         583  0.4203847    
         584  0.4198442    
         585  0.4193045    
         586  0.4187676    
         587  0.4182322    
         588  0.4176999    
         589  0.4171665    
         590  0.4166358    
         591  0.4161063    
         592  0.4155822    
         593  0.4150554    
         594  0.4145310    
         595  0.4140106    
         596  0.4134887    
         597  0.4129691    
         598  0.4124499    
         599  0.4119353    
         600  0.4114198    
         601  0.4109073    
         602  0.4103963    
         603  0.4098828    
         604  0.4093726    
         605  0.4088659    
         606  0.4083578    
         607  0.4078539    
         608  0.4073508    
         609  0.4068487    
         610  0.4063435    
         611  0.4058451    
         612  0.4053477    
         613  0.4048528    
         614  0.4043563    
         615  0.4038628    
         616  0.4033721    
         617  0.4028816    
         618  0.4023924    
         619  0.4019053    
         620  0.4014205    
         621  0.4009365    
         622  0.4004536    
         623  0.3999708    
         624  0.3994900    
         625  0.3990083    
         626  0.3985294    
         627  0.3980500    
         628  0.3975750    
         629  0.3971021    
         630  0.3966295    
         631  0.3961582    
         632  0.3956871    
         633  0.3952198    
         634  0.3947538    
         635  0.3942868    
         636  0.3938225    
         637  0.3933599    
         638  0.3928954    
         639  0.3924334    
         640  0.3919717    
         641  0.3915120    
         642  0.3910546    
         643  0.3905984    
         644  0.3901443    
         645  0.3896920    
         646  0.3892381    
         647  0.3887864    
         648  0.3883371    
         649  0.3878865    
         650  0.3874397    
         651  0.3869933    
         652  0.3865473    
         653  0.3861042    
         654  0.3856616    
         655  0.3852215    
         656  0.3847803    
         657  0.3843384    
         658  0.3839007    
         659  0.3834648    
         660  0.3830289    
         661  0.3825934    
         662  0.3821610    
         663  0.3817288    
         664  0.3812986    
         665  0.3808696    
         666  0.3804392    
         667  0.3800106    
         668  0.3795834    
         669  0.3791560    
         670  0.3787320    
         671  0.3783084    
         672  0.3778848    
         673  0.3774633    
         674  0.3770431    
         675  0.3766252    
         676  0.3762060    
         677  0.3757879    
         678  0.3753709    
         679  0.3749558    
         680  0.3745428    
         681  0.3741298    
         682  0.3737177    
         683  0.3733074    
         684  0.3728965    
         685  0.3724891    
         686  0.3720841    
         687  0.3716759    
         688  0.3712708    
         689  0.3708675    
         690  0.3704641    
         691  0.3700638    
         692  0.3696634    
         693  0.3692626    
         694  0.3688648    
         695  0.3684677    
         696  0.3680722    
         697  0.3676754    
         698  0.3672788    
         699  0.3668837    
         700  0.3664889    
         701  0.3660968    
         702  0.3657045    
         703  0.3653143    
         704  0.3649239    
         705  0.3645346    
         706  0.3641493    
         707  0.3637625    
         708  0.3633793    
         709  0.3629971    
         710  0.3626122    
         711  0.3622328    
         712  0.3618520    
         713  0.3614730    
         714  0.3610927    
         715  0.3607157    
         716  0.3603380    
         717  0.3599613    
         718  0.3595849    
         719  0.3592080    
         720  0.3588333    
         721  0.3584589    
         722  0.3580883    
         723  0.3577151    
         724  0.3573435    
         725  0.3569736    
         726  0.3566042    
         727  0.3562365    
         728  0.3558697    
         729  0.3555021    
         730  0.3551364    
         731  0.3547728    
         732  0.3544082    
         733  0.3540468    
         734  0.3536853    
         735  0.3533234    
         736  0.3529606    
         737  0.3526018    
         738  0.3522430    
         739  0.3518859    
         740  0.3515295    
         741  0.3511736    
         742  0.3508168    
         743  0.3504628    
         744  0.3501103    
         745  0.3497593    
         746  0.3494078    
         747  0.3490575    
         748  0.3487079    
         749  0.3483590    
         750  0.3480108    
         751  0.3476639    
         752  0.3473156    
         753  0.3469706    
         754  0.3466255    
         755  0.3462825    
         756  0.3459374    
         757  0.3455965    
         758  0.3452541    
         759  0.3449141    
         760  0.3445734    
         761  0.3442347    
         762  0.3438950    
         763  0.3435571    
         764  0.3432203    
         765  0.3428841    
         766  0.3425467    
         767  0.3422124    
         768  0.3418782    
         769  0.3415452    
         770  0.3412124    
         771  0.3408800    
         772  0.3405479    
         773  0.3402184    
         774  0.3398891    
         775  0.3395599    
         776  0.3392319    
         777  0.3389038    
         778  0.3385770    
         779  0.3382502    
         780  0.3379249    
         781  0.3376003    
         782  0.3372763    
         783  0.3369527    
         784  0.3366311    
         785  0.3363090    
         786  0.3359870    
         787  0.3356676    
         788  0.3353474    
         789  0.3350292    
         790  0.3347108    
         791  0.3343942    
         792  0.3340759    
         793  0.3337597    
         794  0.3334430    
         795  0.3331282    
         796  0.3328142    
         797  0.3325008    
         798  0.3321884    
         799  0.3318770    
         800  0.3315654    
         801  0.3312540    
         802  0.3309439    
         803  0.3306355    
         804  0.3303270    
         805  0.3300195    
         806  0.3297129    
         807  0.3294073    
         808  0.3291015    
         809  0.3287970    
         810  0.3284922    
         811  0.3281877    
         812  0.3278849    
         813  0.3275832    
         814  0.3272808    
         815  0.3269794    
         816  0.3266778    
         817  0.3263775    
         818  0.3260792    
         819  0.3257807    
         820  0.3254829    
         821  0.3251839    
         822  0.3248872    
         823  0.3245918    
         824  0.3242975    
         825  0.3240030    
         826  0.3237091    
         827  0.3234155    
         828  0.3231225    
         829  0.3228299    
         830  0.3225382    
         831  0.3222466    
         832  0.3219561    
         833  0.3216659    
         834  0.3213754    
         835  0.3210874    
         836  0.3207988    
         837  0.3205114    
         838  0.3202244    
         839  0.3199382    
         840  0.3196526    
         841  0.3193667    
         842  0.3190826    
         843  0.3187979    
         844  0.3185140    
         845  0.3182313    
         846  0.3179493    
         847  0.3176685    
         848  0.3173870    
         849  0.3171053    
         850  0.3168261    
         851  0.3165469    
         852  0.3162681    
         853  0.3159884    
         854  0.3157108    
         855  0.3154348    
         856  0.3151588    
         857  0.3148828    
         858  0.3146067    
         859  0.3143322    
         860  0.3140581    
         861  0.3137844    
         862  0.3135107    
         863  0.3132384    
         864  0.3129665    
         865  0.3126939    
         866  0.3124241    
         867  0.3121528    
         868  0.3118836    
         869  0.3116150    
         870  0.3113464    
         871  0.3110783    
         872  0.3108102    
         873  0.3105429    
         874  0.3102766    
         875  0.3100114    
         876  0.3097462    
         877  0.3094821    
         878  0.3092175    
         879  0.3089538    
         880  0.3086913    
         881  0.3084283    
         882  0.3081652    
         883  0.3079028    
         884  0.3076408    
         885  0.3073807    
         886  0.3071219    
         887  0.3068615    
         888  0.3066021    
         889  0.3063439    
         890  0.3060842    
         891  0.3058266    
         892  0.3055708    
         893  0.3053128    
         894  0.3050561    
         895  0.3048014    
         896  0.3045456    
         897  0.3042914    
         898  0.3040386    
         899  0.3037837    
         900  0.3035307    
         901  0.3032783    
         902  0.3030252    
         903  0.3027734    
         904  0.3025224    
         905  0.3022710    
         906  0.3020208    
         907  0.3017718    
         908  0.3015224    
         909  0.3012746    
         910  0.3010253    
         911  0.3007773    
         912  0.3005312    
         913  0.3002845    
         914  0.3000376    
         915  0.2997931    
         916  0.2995476    
         917  0.2993032    
         918  0.2990579    
         919  0.2988124    
         920  0.2985683    
         921  0.2983235    
         922  0.2980803    
         923  0.2978392    
         924  0.2975970    
         925  0.2973568    
         926  0.2971157    
         927  0.2968742    
         928  0.2966349    
         929  0.2963954    
         930  0.2961567    
         931  0.2959186    
         932  0.2956809    
         933  0.2954431    
         934  0.2952054    
         935  0.2949684    
         936  0.2947320    
         937  0.2944957    
         938  0.2942613    
         939  0.2940262    
         940  0.2937915    
         941  0.2935572    
         942  0.2933239    
         943  0.2930906    
         944  0.2928579    
         945  0.2926260    
         946  0.2923930    
         947  0.2921602    
         948  0.2919295    
         949  0.2916992    
         950  0.2914690    
         951  0.2912394    
         952  0.2910098    
         953  0.2907807    
         954  0.2905512    
         955  0.2903234    
         956  0.2900947    
         957  0.2898670    
         958  0.2896391    
         959  0.2894129    
         960  0.2891862    
         961  0.2889604    
         962  0.2887348    
         963  0.2885099    
         964  0.2882854    
         965  0.2880608    
         966  0.2878383    
         967  0.2876148    
         968  0.2873918    
         969  0.2871695    
         970  0.2869475    
         971  0.2867247    
         972  0.2865035    
         973  0.2862834    
         974  0.2860630    
         975  0.2858430    
         976  0.2856230    
         977  0.2854040    
         978  0.2851837    
         979  0.2849654    
         980  0.2847476    
         981  0.2845308    
         982  0.2843130    
         983  0.2840967    
         984  0.2838809    
         985  0.2836642    
         986  0.2834482    
         987  0.2832330    
         988  0.2830191    
         989  0.2828037    
         990  0.2825889    
         991  0.2823750    
         992  0.2821620    
         993  0.2819481    
         994  0.2817351    
         995  0.2815228    
         996  0.2813119    
         997  0.2810997    
         998  0.2808884    
         999  0.2806758    
        1000  0.2804648    
        1001  0.2802537    
        1002  0.2800449    
        1003  0.2798356    
        1004  0.2796277    
        1005  0.2794183    
        1006  0.2792102    
        1007  0.2790022    
        1008  0.2787955    
        1009  0.2785871    
        1010  0.2783808    
        1011  0.2781734    
        1012  0.2779673    
        1013  0.2777601    
        1014  0.2775550    
        1015  0.2773500    
        1016  0.2771462    
        1017  0.2769408    
        1018  0.2767373    
        1019  0.2765333    
        1020  0.2763301    
        1021  0.2761251    
        1022  0.2759230    
        1023  0.2757205    
        1024  0.2755187    
        1025  0.2753161    
        1026  0.2751156    
        1027  0.2749149    
        1028  0.2747148    
        1029  0.2745135    
        1030  0.2743144    
        1031  0.2741150    
        1032  0.2739164    
        1033  0.2737172    
        1034  0.2735187    
        1035  0.2733213    
        1036  0.2731230    
        1037  0.2729258    
        1038  0.2727280    
        1039  0.2725319    
        1040  0.2723352    
        1041  0.2721401    
        1042  0.2719434    
        1043  0.2717484    
        1044  0.2715519    
        1045  0.2713578    
        1046  0.2711625    
        1047  0.2709687    
        1048  0.2707744    
        1049  0.2705803    
        1050  0.2703870    
        1051  0.2701930    
        1052  0.2700002    
        1053  0.2698081    
        1054  0.2696173    
        1055  0.2694247    
        1056  0.2692340    
        1057  0.2690427    
        1058  0.2688520    
        1059  0.2686609    
        1060  0.2684691    
        1061  0.2682798    
        1062  0.2680906    
        1063  0.2679025    
        1064  0.2677129    
        1065  0.2675252    
        1066  0.2673376    
        1067  0.2671496    
        1068  0.2669619    
        1069  0.2667737    
        1070  0.2665877    
        1071  0.2664014    
        1072  0.2662157    
        1073  0.2660291    
        1074  0.2658437    
        1075  0.2656589    
        1076  0.2654737    
        1077  0.2652889    
        1078  0.2651039    
        1079  0.2649205    
        1080  0.2647366    
        1081  0.2645520    
        1082  0.2643686    
        1083  0.2641853    
        1084  0.2640038    
        1085  0.2638211    
        1086  0.2636384    
        1087  0.2634562    
        1088  0.2632742    
        1089  0.2630934    
        1090  0.2629128    
        1091  0.2627320    
        1092  0.2625510    
        1093  0.2623710    
        1094  0.2621918    
        1095  0.2620118    
        1096  0.2618323    
        1097  0.2616524    
        1098  0.2614732    
        1099  0.2612948    
        1100  0.2611166    
        1101  0.2609387    
        1102  0.2607597    
        1103  0.2605823    
        1104  0.2604049    
        1105  0.2602282    
        1106  0.2600518    
        1107  0.2598751    
        1108  0.2596996    
        1109  0.2595241    
        1110  0.2593480    
        1111  0.2591726    
        1112  0.2589974    
        1113  0.2588227    
        1114  0.2586479    
        1115  0.2584742    
        1116  0.2583005    
        1117  0.2581262    
        1118  0.2579533    
        1119  0.2577804    
        1120  0.2576065    
        1121  0.2574337    
        1122  0.2572613    
        1123  0.2570888    
        1124  0.2569199    
        1125  0.2567483    
        1126  0.2565767    
        1127  0.2564078    
        1128  0.2562383    
        1129  0.2560691    
        1130  0.2558988    
        1131  0.2557289    
        1132  0.2555600    
        1133  0.2553902    
        1134  0.2552217    
        1135  0.2550536    
        1136  0.2548851    
        1137  0.2547175    
        1138  0.2545490    
        1139  0.2543813    
        1140  0.2542150    
        1141  0.2540480    
        1142  0.2538803    
        1143  0.2537135    
        1144  0.2535468    
        1145  0.2533813    
        1146  0.2532152    
        1147  0.2530492    
        1148  0.2528848    
        1149  0.2527196    
        1150  0.2525553    
        1151  0.2523913    
        1152  0.2522270    
        1153  0.2520608    
        1154  0.2518955    
        1155  0.2517313    
        1156  0.2515680    
        1157  0.2514047    
        1158  0.2512413    
        1159  0.2510799    
        1160  0.2509173    
        1161  0.2507557    
        1162  0.2505949    
        1163  0.2504324    
        1164  0.2502707    
        1165  0.2501100    
        1166  0.2499494    
        1167  0.2497890    
        1168  0.2496288    
        1169  0.2494685    
        1170  0.2493086    
        1171  0.2491489    
        1172  0.2489895    
        1173  0.2488304    
        1174  0.2486706    
        1175  0.2485113    
        1176  0.2483538    
        1177  0.2481951    
        1178  0.2480376    
        1179  0.2478812    
        1180  0.2477234    
        1181  0.2475658    
        1182  0.2474100    
        1183  0.2472528    
        1184  0.2470959    
        1185  0.2469404    
        1186  0.2467833    
        1187  0.2466268    
        1188  0.2464720    
        1189  0.2463151    
        1190  0.2461590    
        1191  0.2460049    
        1192  0.2458491    
        1193  0.2456941    
        1194  0.2455407    
        1195  0.2453857    
        1196  0.2452315    
        1197  0.2450792    
        1198  0.2449251    
        1199  0.2447721    
        1200  0.2446201    
        1201  0.2444666    
        1202  0.2443137    
        1203  0.2441622    
        1204  0.2440088    
        1205  0.2438569    
        1206  0.2437062    
        1207  0.2435534    
        1208  0.2434024    
        1209  0.2432522    
        1210  0.2431008    
        1211  0.2429505    
        1212  0.2428014    
        1213  0.2426506    
        1214  0.2425015    
        1215  0.2423519    
        1216  0.2422026    
        1217  0.2420526    
        1218  0.2419029    
        1219  0.2417537    
        1220  0.2416050    
        1221  0.2414560    
        1222  0.2413078    
        1223  0.2411586    
        1224  0.2410108    
        1225  0.2408639    
        1226  0.2407162    
        1227  0.2405694    
        1228  0.2404233    
        1229  0.2402757    
        1230  0.2401294    
        1231  0.2399831    
        1232  0.2398370    
        1233  0.2396914    
        1234  0.2395456    
        1235  0.2394002    
        1236  0.2392544    
        1237  0.2391096    
        1238  0.2389655    
        1239  0.2388208    
        1240  0.2386765    
        1241  0.2385327    
        1242  0.2383879    
        1243  0.2382438    
        1244  0.2381003    
        1245  0.2379573    
        1246  0.2378142    
        1247  0.2376710    
        1248  0.2375288    
        1249  0.2373855    
        1250  0.2372430    
        1251  0.2371013    
        1252  0.2369587    
        1253  0.2368170    
        1254  0.2366755    
        1255  0.2365338    
        1256  0.2363924    
        1257  0.2362512    
        1258  0.2361106    
        1259  0.2359697    
        1260  0.2358297    
        1261  0.2356896    
        1262  0.2355494    
        1263  0.2354093    
        1264  0.2352695    
        1265  0.2351300    
        1266  0.2349903    
        1267  0.2348514    
        1268  0.2347124    
        1269  0.2345734    
        1270  0.2344350    
        1271  0.2342968    
        1272  0.2341588    
        1273  0.2340211    
        1274  0.2338835    
        1275  0.2337463    
        1276  0.2336089    
        1277  0.2334717    
        1278  0.2333345    
        1279  0.2331977    
        1280  0.2330614    
        1281  0.2329248    
        1282  0.2327889    
        1283  0.2326528    
        1284  0.2325169    
        1285  0.2323805    
        1286  0.2322449    
        1287  0.2321095    
        1288  0.2319741    
        1289  0.2318392    
        1290  0.2317044    
        1291  0.2315699    
        1292  0.2314346    
        1293  0.2313007    
        1294  0.2311665    
        1295  0.2310325    
        1296  0.2308988    
        1297  0.2307650    
        1298  0.2306317    
        1299  0.2304979    
        1300  0.2303654    
        1301  0.2302326    
        1302  0.2301004    
        1303  0.2299676    
        1304  0.2298356    
        1305  0.2297034    
        1306  0.2295713    
        1307  0.2294394    
        1308  0.2293081    
        1309  0.2291770    
        1310  0.2290454    
        1311  0.2289146    
        1312  0.2287831    
        1313  0.2286527    
        1314  0.2285218    
        1315  0.2283921    
        1316  0.2282620    
        1317  0.2281326    
        1318  0.2280023    
        1319  0.2278730    
        1320  0.2277433    
        1321  0.2276143    
        1322  0.2274849    
        1323  0.2273563    
        1324  0.2272276    
        1325  0.2270990    
        1326  0.2269706    
        1327  0.2268419    
        1328  0.2267140    
        1329  0.2265854    
        1330  0.2264577    
        1331  0.2263300    
        1332  0.2262028    
        1333  0.2260752    
        1334  0.2259481    
        1335  0.2258212    
        1336  0.2256946    
        1337  0.2255673    
        1338  0.2254415    
        1339  0.2253152    
        1340  0.2251894    
        1341  0.2250626    
        1342  0.2249369    
        1343  0.2248111    
        1344  0.2246862    
        1345  0.2245605    
        1346  0.2244357    
        1347  0.2243107    
        1348  0.2241861    
        1349  0.2240607    
        1350  0.2239367    
        1351  0.2238123    
        1352  0.2236886    
        1353  0.2235641    
        1354  0.2234408    
        1355  0.2233171    
        1356  0.2231938    
        1357  0.2230698    
        1358  0.2229471    
        1359  0.2228240    
        1360  0.2227015    
        1361  0.2225784    
        1362  0.2224561    
        1363  0.2223337    
        1364  0.2222114    
        1365  0.2220885    
        1366  0.2219665    
        1367  0.2218451    
        1368  0.2217234    
        1369  0.2216021    
        1370  0.2214806    
        1371  0.2213597    
        1372  0.2212384    
        1373  0.2211177    
        1374  0.2209971    
        1375  0.2208769    
        1376  0.2207568    
        1377  0.2206369    
        1378  0.2205165    
        1379  0.2203970    
        1380  0.2202772    
        1381  0.2201576    
        1382  0.2200378    
        1383  0.2199188    
        1384  0.2198000    
        1385  0.2196808    
        1386  0.2195617    
        1387  0.2194427    
        1388  0.2193243    
        1389  0.2192056    
        1390  0.2190874    
        1391  0.2189690    
        1392  0.2188513    
        1393  0.2187332    
        1394  0.2186151    
        1395  0.2184967    
        1396  0.2183790    
        1397  0.2182617    
        1398  0.2181444    
        1399  0.2180274    
        1400  0.2179108    
        1401  0.2177947    
        1402  0.2176783    
        1403  0.2175622    
        1404  0.2174457    
        1405  0.2173297    
        1406  0.2172136    
        1407  0.2170975    
        1408  0.2169814    
        1409  0.2168655    
        1410  0.2167504    
        1411  0.2166351    
        1412  0.2165202    
        1413  0.2164049    
        1414  0.2162896    
        1415  0.2161748    
        1416  0.2160603    
        1417  0.2159457    
        1418  0.2158316    
        1419  0.2157180    
        1420  0.2156042    
        1421  0.2154903    
        1422  0.2153763    
        1423  0.2152627    
        1424  0.2151497    
        1425  0.2150363    
        1426  0.2149234    
        1427  0.2148104    
        1428  0.2146980    
        1429  0.2145852    
        1430  0.2144727    
        1431  0.2143599    
        1432  0.2142475    
        1433  0.2141356    
        1434  0.2140235    
        1435  0.2139114    
        1436  0.2137996    
        1437  0.2136880    
        1438  0.2135768    
        1439  0.2134652    
        1440  0.2133536    
        1441  0.2132426    
        1442  0.2131320    
        1443  0.2130212    
        1444  0.2129106    
        1445  0.2127999    
        1446  0.2126896    
        1447  0.2125796    
        1448  0.2124695    
        1449  0.2123585    
        1450  0.2122484    
        1451  0.2121385    
        1452  0.2120295    
        1453  0.2119201    
        1454  0.2118104    
        1455  0.2117015    
        1456  0.2115924    
        1457  0.2114840    
        1458  0.2113748    
        1459  0.2112655    
        1460  0.2111565    
        1461  0.2110480    
        1462  0.2109399    
        1463  0.2108318    
        1464  0.2107237    
        1465  0.2106154    
        1466  0.2105077    
        1467  0.2104003    
        1468  0.2102922    
        1469  0.2101851    
        1470  0.2100777    
        1471  0.2099707    
        1472  0.2098639    
        1473  0.2097570    
        1474  0.2096506    
        1475  0.2095438    
        1476  0.2094376    
        1477  0.2093312    
        1478  0.2092247    
        1479  0.2091188    
        1480  0.2090127    
        1481  0.2089070    
        1482  0.2088017    
        1483  0.2086959    
        1484  0.2085905    
        1485  0.2084846    
        1486  0.2083794    
        1487  0.2082743    
        1488  0.2081691    
        1489  0.2080644    
        1490  0.2079599    
        1491  0.2078554    
        1492  0.2077516    
        1493  0.2076471    
        1494  0.2075427    
        1495  0.2074388    
        1496  0.2073348    
        1497  0.2072313    
        1498  0.2071271    
        1499  0.2070233    
        1500  0.2069203    
        1501  0.2068170    
        1502  0.2067143    
        1503  0.2066113    
        1504  0.2065077    
        1505  0.2064054    
        1506  0.2063021    
        1507  0.2061989    
        1508  0.2060968    
        1509  0.2059942    
        1510  0.2058919    
        1511  0.2057894    
        1512  0.2056872    
        1513  0.2055855    
        1514  0.2054830    
        1515  0.2053811    
        1516  0.2052796    
        1517  0.2051777    
        1518  0.2050767    
        1519  0.2049754    
        1520  0.2048739    
        1521  0.2047737    
        1522  0.2046725    
        1523  0.2045720    
        1524  0.2044717    
        1525  0.2043709    
        1526  0.2042707    
        1527  0.2041700    
        1528  0.2040699    
        1529  0.2039701    
        1530  0.2038697    
        1531  0.2037698    
        1532  0.2036706    
        1533  0.2035708    
        1534  0.2034714    
        1535  0.2033721    
        1536  0.2032720    
        1537  0.2031729    
        1538  0.2030732    
        1539  0.2029743    
        1540  0.2028756    
        1541  0.2027764    
        1542  0.2026777    
        1543  0.2025798    
        1544  0.2024813    
        1545  0.2023832    
        1546  0.2022856    
        1547  0.2021869    
        1548  0.2020888    
        1549  0.2019913    
        1550  0.2018934    
        1551  0.2017957    
        1552  0.2016978    
        1553  0.2016000    
        1554  0.2015025    
        1555  0.2014051    
        1556  0.2013081    
        1557  0.2012115    
        1558  0.2011140    
        1559  0.2010169    
        1560  0.2009206    
        1561  0.2008236    
        1562  0.2007273    
        1563  0.2006316    
        1564  0.2005348    
        1565  0.2004387    
        1566  0.2003434    
        1567  0.2002468    
        1568  0.2001508    
        1569  0.2000554    
        1570  0.1999583    
        1571  0.1998629    
        1572  0.1997680    
        1573  0.1996725    
        1574  0.1995776    
        1575  0.1994826    
        1576  0.1993873    
        1577  0.1992926    
        1578  0.1991980    
        1579  0.1991034    
        1580  0.1990089    
        1581  0.1989143    
        1582  0.1988194    
        1583  0.1987255    
        1584  0.1986312    
        1585  0.1985376    
        1586  0.1984441    
        1587  0.1983502    
        1588  0.1982563    
        1589  0.1981630    
        1590  0.1980694    
        1591  0.1979762    
        1592  0.1978827    
        1593  0.1977895    
        1594  0.1976962    
        1595  0.1976034    
        1596  0.1975108    
        1597  0.1974178    
        1598  0.1973252    
        1599  0.1972327    
        1600  0.1971397    
        1601  0.1970474    
        1602  0.1969555    
        1603  0.1968632    
        1604  0.1967712    
        1605  0.1966795    
        1606  0.1965870    
        1607  0.1964952    
        1608  0.1964044    
        1609  0.1963127    
        1610  0.1962214    
        1611  0.1961309    
        1612  0.1960388    
        1613  0.1959479    
        1614  0.1958574    
        1615  0.1957662    
        1616  0.1956753    
        1617  0.1955849    
        1618  0.1954936    
        1619  0.1954035    
        1620  0.1953130    
        1621  0.1952227    
        1622  0.1951328    
        1623  0.1950428    
        1624  0.1949526    
        1625  0.1948626    
        1626  0.1947729    
        1627  0.1946837    
        1628  0.1945933    
        1629  0.1945034    
        1630  0.1944141    
        1631  0.1943240    
        1632  0.1942348    
        1633  0.1941459    
        1634  0.1940563    
        1635  0.1939674    
        1636  0.1938785    
        1637  0.1937890    
        1638  0.1937006    
        1639  0.1936119    
        1640  0.1935235    
        1641  0.1934342    
        1642  0.1933458    
        1643  0.1932578    
        1644  0.1931689    
        1645  0.1930811    
        1646  0.1929935    
        1647  0.1929054    
        1648  0.1928180    
        1649  0.1927306    
        1650  0.1926427    
        1651  0.1925553    
        1652  0.1924678    
        1653  0.1923809    
        1654  0.1922930    
        1655  0.1922063    
        1656  0.1921193    
        1657  0.1920319    
        1658  0.1919455    
        1659  0.1918589    
        1660  0.1917723    
        1661  0.1916853    
        1662  0.1915985    
        1663  0.1915121    
        1664  0.1914250    
        1665  0.1913390    
        1666  0.1912529    
        1667  0.1911664    
        1668  0.1910806    
        1669  0.1909945    
        1670  0.1909084    
        1671  0.1908226    
        1672  0.1907372    
        1673  0.1906521    
        1674  0.1905662    
        1675  0.1904813    
        1676  0.1903962    
        1677  0.1903106    
        1678  0.1902255    
        1679  0.1901402    
        1680  0.1900553    
        1681  0.1899701    
        1682  0.1898857    
        1683  0.1898003    
        1684  0.1897151    
        1685  0.1896307    
        1686  0.1895462    
        1687  0.1894624    
        1688  0.1893778    
        1689  0.1892941    
        1690  0.1892100    
        1691  0.1891256    
        1692  0.1890419    
        1693  0.1889580    
        1694  0.1888748    
        1695  0.1887908    
        1696  0.1887076    
        1697  0.1886238    
        1698  0.1885400    
        1699  0.1884570    
        1700  0.1883737    
        1701  0.1882912    
        1702  0.1882076    
        1703  0.1881251    
        1704  0.1880418    
        1705  0.1879587    
        1706  0.1878761    
        1707  0.1877935    
        1708  0.1877115    
        1709  0.1876287    
        1710  0.1875469    
        1711  0.1874646    
        1712  0.1873824    
        1713  0.1873002    
        1714  0.1872184    
        1715  0.1871371    
        1716  0.1870551    
        1717  0.1869738    
        1718  0.1868920    
        1719  0.1868109    
        1720  0.1867286    
        1721  0.1866478    
        1722  0.1865666    
        1723  0.1864860    
        1724  0.1864047    
        1725  0.1863244    
        1726  0.1862434    
        1727  0.1861622    
        1728  0.1860819    
        1729  0.1860014    
        1730  0.1859211    
        1731  0.1858401    
        1732  0.1857601    
        1733  0.1856794    
        1734  0.1855989    
        1735  0.1855178    
        1736  0.1854381    
        1737  0.1853581    
        1738  0.1852781    
        1739  0.1851982    
        1740  0.1851181    
        1741  0.1850386    
        1742  0.1849583    
        1743  0.1848789    
        1744  0.1847994    
        1745  0.1847202    
        1746  0.1846405    
        1747  0.1845616    
        1748  0.1844820    
        1749  0.1844028    
        1750  0.1843234    
        1751  0.1842448    
        1752  0.1841660    
        1753  0.1840876    
        1754  0.1840088    
        1755  0.1839304    
        1756  0.1838516    
        1757  0.1837731    
        1758  0.1836947    
        1759  0.1836165    
        1760  0.1835387    
        1761  0.1834602    
        1762  0.1833825    
        1763  0.1833041    
        1764  0.1832262    
        1765  0.1831467    
        1766  0.1830695    
        1767  0.1829918    
        1768  0.1829147    
        1769  0.1828367    
        1770  0.1827598    
        1771  0.1826822    
        1772  0.1826051    
        1773  0.1825269    
        1774  0.1824502    
        1775  0.1823730    
        1776  0.1822964    
        1777  0.1822190    
        1778  0.1821426    
        1779  0.1820651    
        1780  0.1819897    
        1781  0.1819125    
        1782  0.1818366    
        1783  0.1817601    
        1784  0.1816842    
        1785  0.1816085    
        1786  0.1815325    
        1787  0.1814560    
        1788  0.1813811    
        1789  0.1813045    
        1790  0.1812297    
        1791  0.1811537    
        1792  0.1810791    
        1793  0.1810028    
        1794  0.1809273    
        1795  0.1808511    
        1796  0.1807760    
        1797  0.1806998    
        1798  0.1806250    
        1799  0.1805494    
        1800  0.1804747    
        1801  0.1803990    
        1802  0.1803244    
        1803  0.1802489    
        1804  0.1801742    
        1805  0.1800989    
        1806  0.1800243    
        1807  0.1799495    
        1808  0.1798753    
        1809  0.1798002    
        1810  0.1797253    
        1811  0.1796504    
        1812  0.1795761    
        1813  0.1795018    
        1814  0.1794274    
        1815  0.1793537    
        1816  0.1792797    
        1817  0.1792059    
        1818  0.1791314    
        1819  0.1790578    
        1820  0.1789833    
        1821  0.1789100    
        1822  0.1788358    
        1823  0.1787629    
        1824  0.1786893    
        1825  0.1786162    
        1826  0.1785421    
        1827  0.1784691    
        1828  0.1783956    
        1829  0.1783227    
        1830  0.1782492    
        1831  0.1781764    
        1832  0.1781036    
        1833  0.1780309    
        1834  0.1779586    
        1835  0.1778854    
        1836  0.1778130    
        1837  0.1777401    
        1838  0.1776679    
        1839  0.1775946    
        1840  0.1775222    
        1841  0.1774495    
        1842  0.1773773    
        1843  0.1773044    
        1844  0.1772325    
        1845  0.1771601    
        1846  0.1770884    
        1847  0.1770163    
        1848  0.1769444    
        1849  0.1768731    
        1850  0.1768013    
        1851  0.1767301    
        1852  0.1766580    
        1853  0.1765870    
        1854  0.1765149    
        1855  0.1764441    
        1856  0.1763725    
        1857  0.1763017    
        1858  0.1762307    
        1859  0.1761594    
        1860  0.1760885    
        1861  0.1760172    
        1862  0.1759464    
        1863  0.1758751    
        1864  0.1758049    
        1865  0.1757336    
        1866  0.1756632    
        1867  0.1755928    
        1868  0.1755224    
        1869  0.1754523    
        1870  0.1753813    
        1871  0.1753113    
        1872  0.1752408    
        1873  0.1751712    
        1874  0.1751005    
        1875  0.1750309    
        1876  0.1749607    
        1877  0.1748907    
        1878  0.1748209    
        1879  0.1747506    
        1880  0.1746811    
        1881  0.1746111    
        1882  0.1745422    
        1883  0.1744721    
        1884  0.1744030    
        1885  0.1743337    
        1886  0.1742647    
        1887  0.1741958    
        1888  0.1741261    
        1889  0.1740573    
        1890  0.1739878    
        1891  0.1739193    
        1892  0.1738502    
        1893  0.1737812    
        1894  0.1737125    
        1895  0.1736436    
        1896  0.1735751    
        1897  0.1735058    
        1898  0.1734376    
        1899  0.1733689    
        1900  0.1733008    
        1901  0.1732329    
        1902  0.1731643    
        1903  0.1730968    
        1904  0.1730287    
        1905  0.1729610    
        1906  0.1728928    
        1907  0.1728249    
        1908  0.1727569    
        1909  0.1726890    
        1910  0.1726215    
        1911  0.1725530    
        1912  0.1724854    
        1913  0.1724178    
        1914  0.1723502    
        1915  0.1722829    
        1916  0.1722148    
        1917  0.1721475    
        1918  0.1720800    
        1919  0.1720130    
        1920  0.1719461    
        1921  0.1718786    
        1922  0.1718121    
        1923  0.1717449    
        1924  0.1716784    
        1925  0.1716112    
        1926  0.1715443    
        1927  0.1714776    
        1928  0.1714104    
        1929  0.1713441    
        1930  0.1712769    
        1931  0.1712103    
        1932  0.1711443    
        1933  0.1710778    
        1934  0.1710119    
        1935  0.1709450    
        1936  0.1708788    
        1937  0.1708127    
        1938  0.1707468    
        1939  0.1706811    
        1940  0.1706147    
        1941  0.1705491    
        1942  0.1704833    
        1943  0.1704174    
        1944  0.1703520    
        1945  0.1702859    
        1946  0.1702201    
        1947  0.1701546    
        1948  0.1700891    
        1949  0.1700237    
        1950  0.1699577    
        1951  0.1698926    
        1952  0.1698276    
        1953  0.1697626    
        1954  0.1696976    
        1955  0.1696321    
        1956  0.1695671    
        1957  0.1695021    
        1958  0.1694373    
        1959  0.1693727    
        1960  0.1693077    
        1961  0.1692431    
        1962  0.1691787    
        1963  0.1691143    
        1964  0.1690497    
        1965  0.1689847    
        1966  0.1689201    
        1967  0.1688555    
        1968  0.1687911    
        1969  0.1687265    
        1970  0.1686618    
        1971  0.1685977    
        1972  0.1685339    
        1973  0.1684699    
        1974  0.1684059    
        1975  0.1683416    
        1976  0.1682779    
        1977  0.1682144    
        1978  0.1681504    
        1979  0.1680869    
        1980  0.1680230    
        1981  0.1679594    
        1982  0.1678960    
        1983  0.1678323    
        1984  0.1677688    
        1985  0.1677053    
        1986  0.1676418    
        1987  0.1675786    
        1988  0.1675154    
        1989  0.1674521    
        1990  0.1673891    
        1991  0.1673259    
        1992  0.1672632    
        1993  0.1672004    
        1994  0.1671375    
        1995  0.1670747    
        1996  0.1670118    
        1997  0.1669490    
        1998  0.1668864    
        1999  0.1668239    
        2000  0.1667614    

real	4m54.810s
user	0m0.152s
sys	0m0.260s
