           1   45.00047    
           2   29.36308    
           3   21.92804    
           4   17.70321    
           5   14.97583    
           6   13.05836    
           7   11.62902    
           8   10.51771    
           9   9.625939    
          10   8.892599    
          11   8.277519    
          12   7.753224    
          13   7.300373    
          14   6.904816    
          15   6.555820    
          16   6.245385    
          17   5.967239    
          18   5.716342    
          19   5.488759    
          20   5.281250    
          21   5.091161    
          22   4.916315    
          23   4.754842    
          24   4.605250    
          25   4.466190    
          26   4.336547    
          27   4.215356    
          28   4.101783    
          29   3.995078    
          30   3.894668    
          31   3.799933    
          32   3.710419    
          33   3.625668    
          34   3.545292    
          35   3.468965    
          36   3.396358    
          37   3.327213    
          38   3.261256    
          39   3.198284    
          40   3.138046    
          41   3.080417    
          42   3.025203    
          43   2.972234    
          44   2.921384    
          45   2.872509    
          46   2.825520    
          47   2.780264    
          48   2.736674    
          49   2.694647    
          50   2.654094    
          51   2.614929    
          52   2.577091    
          53   2.540514    
          54   2.505121    
          55   2.470861    
          56   2.437667    
          57   2.405493    
          58   2.374308    
          59   2.344040    
          60   2.314655    
          61   2.286122    
          62   2.258386    
          63   2.231447    
          64   2.205228    
          65   2.179710    
          66   2.154878    
          67   2.130684    
          68   2.107140    
          69   2.084172    
          70   2.061799    
          71   2.039966    
          72   2.018660    
          73   1.997886    
          74   1.977575    
          75   1.957762    
          76   1.938399    
          77   1.919479    
          78   1.900985    
          79   1.882902    
          80   1.865214    
          81   1.847914    
          82   1.830973    
          83   1.814400    
          84   1.798159    
          85   1.782259    
          86   1.766688    
          87   1.751423    
          88   1.736474    
          89   1.721813    
          90   1.707429    
          91   1.693337    
          92   1.679508    
          93   1.665948    
          94   1.652626    
          95   1.639558    
          96   1.626726    
          97   1.614125    
          98   1.601750    
          99   1.589595    
         100   1.577652    
         101   1.565916    
         102   1.554388    
         103   1.543042    
         104   1.531904    
         105   1.520951    
         106   1.510172    
         107   1.499567    
         108   1.489142    
         109   1.478874    
         110   1.468774    
         111   1.458837    
         112   1.449046    
         113   1.439417    
         114   1.429942    
         115   1.420602    
         116   1.411399    
         117   1.402332    
         118   1.393407    
         119   1.384614    
         120   1.375958    
         121   1.367416    
         122   1.358996    
         123   1.350700    
         124   1.342520    
         125   1.334451    
         126   1.326500    
         127   1.318658    
         128   1.310922    
         129   1.303284    
         130   1.295755    
         131   1.288326    
         132   1.281003    
         133   1.273770    
         134   1.266635    
         135   1.259588    
         136   1.252635    
         137   1.245770    
         138   1.238990    
         139   1.232294    
         140   1.225685    
         141   1.219164    
         142   1.212713    
         143   1.206348    
         144   1.200055    
         145   1.193843    
         146   1.187698    
         147   1.181632    
         148   1.175641    
         149   1.169715    
         150   1.163862    
         151   1.158072    
         152   1.152349    
         153   1.146692    
         154   1.141106    
         155   1.135575    
         156   1.130115    
         157   1.124711    
         158   1.119367    
         159   1.114072    
         160   1.108848    
         161   1.103677    
         162   1.098564    
         163   1.093502    
         164   1.088496    
         165   1.083541    
         166   1.078639    
         167   1.073789    
         168   1.068989    
         169   1.064245    
         170   1.059543    
         171   1.054892    
         172   1.050289    
         173   1.045736    
         174   1.041224    
         175   1.036754    
         176   1.032335    
         177   1.027954    
         178   1.023617    
         179   1.019324    
         180   1.015079    
         181   1.010867    
         182   1.006697    
         183   1.002565    
         184  0.9984794    
         185  0.9944225    
         186  0.9904130    
         187  0.9864348    
         188  0.9824962    
         189  0.9786013    
         190  0.9747341    
         191  0.9709027    
         192  0.9671081    
         193  0.9633400    
         194  0.9596161    
         195  0.9559211    
         196  0.9522572    
         197  0.9486298    
         198  0.9450348    
         199  0.9414741    
         200  0.9379390    
         201  0.9344338    
         202  0.9309631    
         203  0.9275193    
         204  0.9241078    
         205  0.9207240    
         206  0.9173656    
         207  0.9140402    
         208  0.9107378    
         209  0.9074681    
         210  0.9042255    
         211  0.9010078    
         212  0.8978179    
         213  0.8946564    
         214  0.8915153    
         215  0.8884068    
         216  0.8853188    
         217  0.8822543    
         218  0.8792154    
         219  0.8762031    
         220  0.8732109    
         221  0.8702499    
         222  0.8673054    
         223  0.8643904    
         224  0.8614903    
         225  0.8586178    
         226  0.8557659    
         227  0.8529325    
         228  0.8501263    
         229  0.8473400    
         230  0.8445758    
         231  0.8418319    
         232  0.8391088    
         233  0.8364038    
         234  0.8337209    
         235  0.8310579    
         236  0.8284177    
         237  0.8257900    
         238  0.8231871    
         239  0.8206005    
         240  0.8180395    
         241  0.8154892    
         242  0.8129598    
         243  0.8104516    
         244  0.8079543    
         245  0.8054817    
         246  0.8030252    
         247  0.8005843    
         248  0.7981619    
         249  0.7957524    
         250  0.7933680    
         251  0.7909930    
         252  0.7886389    
         253  0.7862962    
         254  0.7839764    
         255  0.7816681    
         256  0.7793837    
         257  0.7771033    
         258  0.7748426    
         259  0.7725996    
         260  0.7703675    
         261  0.7681559    
         262  0.7659577    
         263  0.7637691    
         264  0.7616004    
         265  0.7594427    
         266  0.7572964    
         267  0.7551684    
         268  0.7530547    
         269  0.7509546    
         270  0.7488631    
         271  0.7467883    
         272  0.7447266    
         273  0.7426763    
         274  0.7406456    
         275  0.7386283    
         276  0.7366191    
         277  0.7346212    
         278  0.7326403    
         279  0.7306684    
         280  0.7287111    
         281  0.7267649    
         282  0.7248278    
         283  0.7229070    
         284  0.7209979    
         285  0.7190999    
         286  0.7172136    
         287  0.7153385    
         288  0.7134743    
         289  0.7116206    
         290  0.7097769    
         291  0.7079480    
         292  0.7061278    
         293  0.7043176    
         294  0.7025173    
         295  0.7007326    
         296  0.6989586    
         297  0.6971927    
         298  0.6954387    
         299  0.6936936    
         300  0.6919574    
         301  0.6902319    
         302  0.6885185    
         303  0.6868148    
         304  0.6851162    
         305  0.6834300    
         306  0.6817559    
         307  0.6800888    
         308  0.6784324    
         309  0.6767828    
         310  0.6751465    
         311  0.6735176    
         312  0.6718987    
         313  0.6702872    
         314  0.6686858    
         315  0.6670910    
         316  0.6655074    
         317  0.6639335    
         318  0.6623664    
         319  0.6608084    
         320  0.6592577    
         321  0.6577158    
         322  0.6561859    
         323  0.6546606    
         324  0.6531434    
         325  0.6516351    
         326  0.6501371    
         327  0.6486463    
         328  0.6471605    
         329  0.6456856    
         330  0.6442160    
         331  0.6427571    
         332  0.6413039    
         333  0.6398604    
         334  0.6384221    
         335  0.6369911    
         336  0.6355690    
         337  0.6341519    
         338  0.6327450    
         339  0.6313458    
         340  0.6299518    
         341  0.6285683    
         342  0.6271887    
         343  0.6258148    
         344  0.6244524    
         345  0.6230950    
         346  0.6217398    
         347  0.6203939    
         348  0.6190574    
         349  0.6177268    
         350  0.6164017    
         351  0.6150854    
         352  0.6137734    
         353  0.6124676    
         354  0.6111689    
         355  0.6098755    
         356  0.6085912    
         357  0.6073118    
         358  0.6060376    
         359  0.6047706    
         360  0.6035108    
         361  0.6022546    
         362  0.6010081    
         363  0.5997669    
         364  0.5985309    
         365  0.5972992    
         366  0.5960778    
         367  0.5948557    
         368  0.5936447    
         369  0.5924378    
         370  0.5912338    
         371  0.5900395    
         372  0.5888507    
         373  0.5876665    
         374  0.5864888    
         375  0.5853135    
         376  0.5841458    
         377  0.5829844    
         378  0.5818275    
         379  0.5806761    
         380  0.5795305    
         381  0.5783915    
         382  0.5772540    
         383  0.5761209    
         384  0.5749946    
         385  0.5738744    
         386  0.5727587    
         387  0.5716464    
         388  0.5705410    
         389  0.5694396    
         390  0.5683454    
         391  0.5672542    
         392  0.5661696    
         393  0.5650868    
         394  0.5640116    
         395  0.5629413    
         396  0.5618733    
         397  0.5608119    
         398  0.5597553    
         399  0.5587009    
         400  0.5576512    
         401  0.5566077    
         402  0.5555698    
         403  0.5545349    
         404  0.5535040    
         405  0.5524779    
         406  0.5514581    
         407  0.5504433    
         408  0.5494303    
         409  0.5484238    
         410  0.5474189    
         411  0.5464175    
         412  0.5454220    
         413  0.5444320    
         414  0.5434459    
         415  0.5424624    
         416  0.5414826    
         417  0.5405080    
         418  0.5395380    
         419  0.5385722    
         420  0.5376098    
         421  0.5366501    
         422  0.5356968    
         423  0.5347481    
         424  0.5338011    
         425  0.5328606    
         426  0.5319225    
         427  0.5309883    
         428  0.5300584    
         429  0.5291302    
         430  0.5282078    
         431  0.5272887    
         432  0.5263730    
         433  0.5254586    
         434  0.5245535    
         435  0.5236483    
         436  0.5227488    
         437  0.5218508    
         438  0.5209584    
         439  0.5200636    
         440  0.5191770    
         441  0.5182956    
         442  0.5174164    
         443  0.5165409    
         444  0.5156676    
         445  0.5147988    
         446  0.5139315    
         447  0.5130664    
         448  0.5122067    
         449  0.5113525    
         450  0.5104989    
         451  0.5096507    
         452  0.5088047    
         453  0.5079626    
         454  0.5071228    
         455  0.5062873    
         456  0.5054539    
         457  0.5046223    
         458  0.5037976    
         459  0.5029735    
         460  0.5021536    
         461  0.5013336    
         462  0.5005193    
         463  0.4997081    
         464  0.4989005    
         465  0.4980957    
         466  0.4972949    
         467  0.4964960    
         468  0.4957008    
         469  0.4949064    
         470  0.4941162    
         471  0.4933306    
         472  0.4925463    
         473  0.4917673    
         474  0.4909897    
         475  0.4902156    
         476  0.4894427    
         477  0.4886702    
         478  0.4879019    
         479  0.4871384    
         480  0.4863776    
         481  0.4856189    
         482  0.4848631    
         483  0.4841104    
         484  0.4833604    
         485  0.4826116    
         486  0.4818673    
         487  0.4811245    
         488  0.4803845    
         489  0.4796485    
         490  0.4789141    
         491  0.4781815    
         492  0.4774530    
         493  0.4767263    
         494  0.4760024    
         495  0.4752803    
         496  0.4745609    
         497  0.4738456    
         498  0.4731310    
         499  0.4724195    
         500  0.4717098    
         501  0.4710040    
         502  0.4703009    
         503  0.4695995    
         504  0.4688986    
         505  0.4682010    
         506  0.4675066    
         507  0.4668149    
         508  0.4661257    
         509  0.4654392    
         510  0.4647545    
         511  0.4640710    
         512  0.4633911    
         513  0.4627138    
         514  0.4620384    
         515  0.4613656    
         516  0.4606953    
         517  0.4600268    
         518  0.4593605    
         519  0.4586961    
         520  0.4580340    
         521  0.4573746    
         522  0.4567178    
         523  0.4560620    
         524  0.4554089    
         525  0.4547584    
         526  0.4541088    
         527  0.4534625    
         528  0.4528185    
         529  0.4521757    
         530  0.4515356    
         531  0.4508986    
         532  0.4502632    
         533  0.4496292    
         534  0.4489978    
         535  0.4483677    
         536  0.4477397    
         537  0.4471146    
         538  0.4464917    
         539  0.4458708    
         540  0.4452516    
         541  0.4446338    
         542  0.4440179    
         543  0.4434032    
         544  0.4427904    
         545  0.4421817    
         546  0.4415739    
         547  0.4409693    
         548  0.4403651    
         549  0.4397642    
         550  0.4391642    
         551  0.4385670    
         552  0.4379705    
         553  0.4373775    
         554  0.4367852    
         555  0.4361954    
         556  0.4356071    
         557  0.4350212    
         558  0.4344353    
         559  0.4338522    
         560  0.4332713    
         561  0.4326908    
         562  0.4321123    
         563  0.4315361    
         564  0.4309600    
         565  0.4303884    
         566  0.4298169    
         567  0.4292487    
         568  0.4286809    
         569  0.4281169    
         570  0.4275537    
         571  0.4269922    
         572  0.4264325    
         573  0.4258737    
         574  0.4253172    
         575  0.4247620    
         576  0.4242090    
         577  0.4236582    
         578  0.4231087    
         579  0.4225610    
         580  0.4220147    
         581  0.4214703    
         582  0.4209267    
         583  0.4203850    
         584  0.4198445    
         585  0.4193052    
         586  0.4187682    
         587  0.4182329    
         588  0.4177000    
         589  0.4171671    
         590  0.4166366    
         591  0.4161074    
         592  0.4155816    
         593  0.4150552    
         594  0.4145312    
         595  0.4140096    
         596  0.4134881    
         597  0.4129684    
         598  0.4124496    
         599  0.4119343    
         600  0.4114188    
         601  0.4109055    
         602  0.4103939    
         603  0.4098816    
         604  0.4093728    
         605  0.4088660    
         606  0.4083588    
         607  0.4078546    
         608  0.4073516    
         609  0.4068498    
         610  0.4063464    
         611  0.4058479    
         612  0.4053504    
         613  0.4048550    
         614  0.4043593    
         615  0.4038657    
         616  0.4033743    
         617  0.4028836    
         618  0.4023943    
         619  0.4019067    
         620  0.4014211    
         621  0.4009365    
         622  0.4004534    
         623  0.3999709    
         624  0.3994898    
         625  0.3990092    
         626  0.3985307    
         627  0.3980537    
         628  0.3975782    
         629  0.3971042    
         630  0.3966316    
         631  0.3961601    
         632  0.3956894    
         633  0.3952211    
         634  0.3947542    
         635  0.3942876    
         636  0.3938229    
         637  0.3933595    
         638  0.3928961    
         639  0.3924343    
         640  0.3919736    
         641  0.3915142    
         642  0.3910569    
         643  0.3906005    
         644  0.3901459    
         645  0.3896929    
         646  0.3892388    
         647  0.3887871    
         648  0.3883377    
         649  0.3878882    
         650  0.3874408    
         651  0.3869945    
         652  0.3865483    
         653  0.3861052    
         654  0.3856621    
         655  0.3852213    
         656  0.3847809    
         657  0.3843399    
         658  0.3839023    
         659  0.3834658    
         660  0.3830302    
         661  0.3825952    
         662  0.3821621    
         663  0.3817300    
         664  0.3812992    
         665  0.3808695    
         666  0.3804402    
         667  0.3800116    
         668  0.3795845    
         669  0.3791578    
         670  0.3787335    
         671  0.3783092    
         672  0.3778863    
         673  0.3774650    
         674  0.3770451    
         675  0.3766267    
         676  0.3762084    
         677  0.3757908    
         678  0.3753743    
         679  0.3749599    
         680  0.3745465    
         681  0.3741336    
         682  0.3737217    
         683  0.3733110    
         684  0.3729010    
         685  0.3724917    
         686  0.3720856    
         687  0.3716786    
         688  0.3712745    
         689  0.3708709    
         690  0.3704698    
         691  0.3700703    
         692  0.3696690    
         693  0.3692684    
         694  0.3688695    
         695  0.3684720    
         696  0.3680755    
         697  0.3676791    
         698  0.3672833    
         699  0.3668886    
         700  0.3664949    
         701  0.3661028    
         702  0.3657111    
         703  0.3653207    
         704  0.3649311    
         705  0.3645434    
         706  0.3641570    
         707  0.3637705    
         708  0.3633862    
         709  0.3630018    
         710  0.3626175    
         711  0.3622348    
         712  0.3618535    
         713  0.3614736    
         714  0.3610935    
         715  0.3607157    
         716  0.3603379    
         717  0.3599611    
         718  0.3595851    
         719  0.3592091    
         720  0.3588344    
         721  0.3584606    
         722  0.3580891    
         723  0.3577166    
         724  0.3573455    
         725  0.3569757    
         726  0.3566061    
         727  0.3562385    
         728  0.3558715    
         729  0.3555045    
         730  0.3551390    
         731  0.3547750    
         732  0.3544112    
         733  0.3540488    
         734  0.3536872    
         735  0.3533255    
         736  0.3529648    
         737  0.3526054    
         738  0.3522470    
         739  0.3518895    
         740  0.3515330    
         741  0.3511769    
         742  0.3508210    
         743  0.3504669    
         744  0.3501140    
         745  0.3497623    
         746  0.3494109    
         747  0.3490601    
         748  0.3487103    
         749  0.3483611    
         750  0.3480130    
         751  0.3476659    
         752  0.3473181    
         753  0.3469728    
         754  0.3466280    
         755  0.3462848    
         756  0.3459402    
         757  0.3455983    
         758  0.3452562    
         759  0.3449153    
         760  0.3445749    
         761  0.3442356    
         762  0.3438963    
         763  0.3435581    
         764  0.3432210    
         765  0.3428848    
         766  0.3425481    
         767  0.3422135    
         768  0.3418792    
         769  0.3415454    
         770  0.3412127    
         771  0.3408806    
         772  0.3405485    
         773  0.3402181    
         774  0.3398885    
         775  0.3395596    
         776  0.3392312    
         777  0.3389033    
         778  0.3385766    
         779  0.3382504    
         780  0.3379249    
         781  0.3376008    
         782  0.3372768    
         783  0.3369535    
         784  0.3366307    
         785  0.3363095    
         786  0.3359882    
         787  0.3356683    
         788  0.3353488    
         789  0.3350302    
         790  0.3347123    
         791  0.3343953    
         792  0.3340786    
         793  0.3337617    
         794  0.3334459    
         795  0.3331306    
         796  0.3328163    
         797  0.3325032    
         798  0.3321904    
         799  0.3318788    
         800  0.3315673    
         801  0.3312563    
         802  0.3309463    
         803  0.3306374    
         804  0.3303289    
         805  0.3300210    
         806  0.3297145    
         807  0.3294083    
         808  0.3291024    
         809  0.3287975    
         810  0.3284931    
         811  0.3281890    
         812  0.3278859    
         813  0.3275837    
         814  0.3272814    
         815  0.3269800    
         816  0.3266791    
         817  0.3263789    
         818  0.3260801    
         819  0.3257817    
         820  0.3254839    
         821  0.3251854    
         822  0.3248887    
         823  0.3245928    
         824  0.3242979    
         825  0.3240033    
         826  0.3237093    
         827  0.3234157    
         828  0.3231227    
         829  0.3228301    
         830  0.3225385    
         831  0.3222472    
         832  0.3219566    
         833  0.3216668    
         834  0.3213767    
         835  0.3210884    
         836  0.3208005    
         837  0.3205127    
         838  0.3202261    
         839  0.3199399    
         840  0.3196543    
         841  0.3193689    
         842  0.3190841    
         843  0.3187999    
         844  0.3185160    
         845  0.3182334    
         846  0.3179512    
         847  0.3176701    
         848  0.3173888    
         849  0.3171076    
         850  0.3168281    
         851  0.3165489    
         852  0.3162700    
         853  0.3159910    
         854  0.3157134    
         855  0.3154368    
         856  0.3151604    
         857  0.3148845    
         858  0.3146088    
         859  0.3143341    
         860  0.3140600    
         861  0.3137863    
         862  0.3135127    
         863  0.3132401    
         864  0.3129683    
         865  0.3126963    
         866  0.3124259    
         867  0.3121552    
         868  0.3118855    
         869  0.3116167    
         870  0.3113481    
         871  0.3110800    
         872  0.3108121    
         873  0.3105451    
         874  0.3102787    
         875  0.3100131    
         876  0.3097478    
         877  0.3094833    
         878  0.3092189    
         879  0.3089551    
         880  0.3086922    
         881  0.3084292    
         882  0.3081664    
         883  0.3079039    
         884  0.3076424    
         885  0.3073818    
         886  0.3071222    
         887  0.3068621    
         888  0.3066029    
         889  0.3063442    
         890  0.3060853    
         891  0.3058277    
         892  0.3055713    
         893  0.3053139    
         894  0.3050574    
         895  0.3048023    
         896  0.3045469    
         897  0.3042924    
         898  0.3040389    
         899  0.3037845    
         900  0.3035314    
         901  0.3032788    
         902  0.3030263    
         903  0.3027749    
         904  0.3025236    
         905  0.3022726    
         906  0.3020222    
         907  0.3017729    
         908  0.3015237    
         909  0.3012753    
         910  0.3010265    
         911  0.3007785    
         912  0.3005319    
         913  0.3002852    
         914  0.3000385    
         915  0.2997932    
         916  0.2995478    
         917  0.2993030    
         918  0.2990580    
         919  0.2988129    
         920  0.2985692    
         921  0.2983255    
         922  0.2980825    
         923  0.2978407    
         924  0.2975988    
         925  0.2973581    
         926  0.2971170    
         927  0.2968760    
         928  0.2966364    
         929  0.2963967    
         930  0.2961579    
         931  0.2959198    
         932  0.2956817    
         933  0.2954440    
         934  0.2952065    
         935  0.2949695    
         936  0.2947333    
         937  0.2944971    
         938  0.2942620    
         939  0.2940269    
         940  0.2937924    
         941  0.2935584    
         942  0.2933249    
         943  0.2930916    
         944  0.2928585    
         945  0.2926266    
         946  0.2923940    
         947  0.2921621    
         948  0.2919311    
         949  0.2917007    
         950  0.2914697    
         951  0.2912399    
         952  0.2910101    
         953  0.2907810    
         954  0.2905518    
         955  0.2903238    
         956  0.2900952    
         957  0.2898679    
         958  0.2896403    
         959  0.2894140    
         960  0.2891875    
         961  0.2889618    
         962  0.2887363    
         963  0.2885115    
         964  0.2882870    
         965  0.2880625    
         966  0.2878394    
         967  0.2876161    
         968  0.2873930    
         969  0.2871709    
         970  0.2869488    
         971  0.2867265    
         972  0.2865054    
         973  0.2862849    
         974  0.2860644    
         975  0.2858443    
         976  0.2856246    
         977  0.2854052    
         978  0.2851855    
         979  0.2849672    
         980  0.2847492    
         981  0.2845320    
         982  0.2843145    
         983  0.2840978    
         984  0.2838816    
         985  0.2836653    
         986  0.2834494    
         987  0.2832341    
         988  0.2830197    
         989  0.2828048    
         990  0.2825903    
         991  0.2823766    
         992  0.2821633    
         993  0.2819500    
         994  0.2817372    
         995  0.2815248    
         996  0.2813133    
         997  0.2811014    
         998  0.2808899    
         999  0.2806784    
        1000  0.2804675    
        1001  0.2802569    
        1002  0.2800477    
        1003  0.2798383    
        1004  0.2796298    
        1005  0.2794208    
        1006  0.2792126    
        1007  0.2790044    
        1008  0.2787971    
        1009  0.2785891    
        1010  0.2783824    
        1011  0.2781752    
        1012  0.2779689    
        1013  0.2777625    
        1014  0.2775572    
        1015  0.2773520    
        1016  0.2771477    
        1017  0.2769428    
        1018  0.2767390    
        1019  0.2765349    
        1020  0.2763318    
        1021  0.2761278    
        1022  0.2759254    
        1023  0.2757231    
        1024  0.2755210    
        1025  0.2753188    
        1026  0.2751179    
        1027  0.2749172    
        1028  0.2747168    
        1029  0.2745162    
        1030  0.2743168    
        1031  0.2741174    
        1032  0.2739183    
        1033  0.2737193    
        1034  0.2735207    
        1035  0.2733228    
        1036  0.2731246    
        1037  0.2729272    
        1038  0.2727298    
        1039  0.2725333    
        1040  0.2723365    
        1041  0.2721408    
        1042  0.2719446    
        1043  0.2717491    
        1044  0.2715534    
        1045  0.2713586    
        1046  0.2711630    
        1047  0.2709691    
        1048  0.2707749    
        1049  0.2705811    
        1050  0.2703880    
        1051  0.2701941    
        1052  0.2700015    
        1053  0.2698093    
        1054  0.2696179    
        1055  0.2694256    
        1056  0.2692345    
        1057  0.2690435    
        1058  0.2688526    
        1059  0.2686620    
        1060  0.2684710    
        1061  0.2682823    
        1062  0.2680930    
        1063  0.2679043    
        1064  0.2677152    
        1065  0.2675270    
        1066  0.2673391    
        1067  0.2671511    
        1068  0.2669637    
        1069  0.2667761    
        1070  0.2665893    
        1071  0.2664027    
        1072  0.2662170    
        1073  0.2660307    
        1074  0.2658452    
        1075  0.2656600    
        1076  0.2654748    
        1077  0.2652900    
        1078  0.2651049    
        1079  0.2649210    
        1080  0.2647370    
        1081  0.2645532    
        1082  0.2643697    
        1083  0.2641865    
        1084  0.2640043    
        1085  0.2638217    
        1086  0.2636392    
        1087  0.2634551    
        1088  0.2632732    
        1089  0.2630919    
        1090  0.2629110    
        1091  0.2627301    
        1092  0.2625507    
        1093  0.2623705    
        1094  0.2621908    
        1095  0.2620119    
        1096  0.2618333    
        1097  0.2616540    
        1098  0.2614746    
        1099  0.2612961    
        1100  0.2611178    
        1101  0.2609399    
        1102  0.2607615    
        1103  0.2605841    
        1104  0.2604070    
        1105  0.2602301    
        1106  0.2600538    
        1107  0.2598774    
        1108  0.2597017    
        1109  0.2595262    
        1110  0.2593503    
        1111  0.2591750    
        1112  0.2590001    
        1113  0.2588255    
        1114  0.2586513    
        1115  0.2584775    
        1116  0.2583040    
        1117  0.2581302    
        1118  0.2579572    
        1119  0.2577844    
        1120  0.2576114    
        1121  0.2574390    
        1122  0.2572668    
        1123  0.2570947    
        1124  0.2569236    
        1125  0.2567523    
        1126  0.2565808    
        1127  0.2564103    
        1128  0.2562400    
        1129  0.2560703    
        1130  0.2559002    
        1131  0.2557302    
        1132  0.2555611    
        1133  0.2553916    
        1134  0.2552228    
        1135  0.2550544    
        1136  0.2548859    
        1137  0.2547180    
        1138  0.2545501    
        1139  0.2543824    
        1140  0.2542156    
        1141  0.2540484    
        1142  0.2538812    
        1143  0.2537144    
        1144  0.2535478    
        1145  0.2533821    
        1146  0.2532162    
        1147  0.2530505    
        1148  0.2528856    
        1149  0.2527207    
        1150  0.2525561    
        1151  0.2523918    
        1152  0.2522277    
        1153  0.2520627    
        1154  0.2518980    
        1155  0.2517343    
        1156  0.2515708    
        1157  0.2514075    
        1158  0.2512443    
        1159  0.2510823    
        1160  0.2509198    
        1161  0.2507579    
        1162  0.2505965    
        1163  0.2504346    
        1164  0.2502730    
        1165  0.2501120    
        1166  0.2499512    
        1167  0.2497906    
        1168  0.2496303    
        1169  0.2494700    
        1170  0.2493100    
        1171  0.2491504    
        1172  0.2489909    
        1173  0.2488318    
        1174  0.2486726    
        1175  0.2485136    
        1176  0.2483556    
        1177  0.2481972    
        1178  0.2480395    
        1179  0.2478823    
        1180  0.2477246    
        1181  0.2475672    
        1182  0.2474106    
        1183  0.2472536    
        1184  0.2470967    
        1185  0.2469407    
        1186  0.2467841    
        1187  0.2466281    
        1188  0.2464728    
        1189  0.2463168    
        1190  0.2461610    
        1191  0.2460065    
        1192  0.2458512    
        1193  0.2456964    
        1194  0.2455425    
        1195  0.2453880    
        1196  0.2452339    
        1197  0.2450810    
        1198  0.2449275    
        1199  0.2447745    
        1200  0.2446219    
        1201  0.2444687    
        1202  0.2443158    
        1203  0.2441639    
        1204  0.2440112    
        1205  0.2438594    
        1206  0.2437081    
        1207  0.2435561    
        1208  0.2434049    
        1209  0.2432542    
        1210  0.2431030    
        1211  0.2429524    
        1212  0.2428026    
        1213  0.2426521    
        1214  0.2425025    
        1215  0.2423527    
        1216  0.2422034    
        1217  0.2420539    
        1218  0.2419045    
        1219  0.2417556    
        1220  0.2416071    
        1221  0.2414585    
        1222  0.2413101    
        1223  0.2411621    
        1224  0.2410144    
        1225  0.2408669    
        1226  0.2407195    
        1227  0.2405724    
        1228  0.2404258    
        1229  0.2402787    
        1230  0.2401322    
        1231  0.2399860    
        1232  0.2398397    
        1233  0.2396939    
        1234  0.2395482    
        1235  0.2394026    
        1236  0.2392574    
        1237  0.2391122    
        1238  0.2389676    
        1239  0.2388232    
        1240  0.2386786    
        1241  0.2385343    
        1242  0.2383900    
        1243  0.2382460    
        1244  0.2381025    
        1245  0.2379592    
        1246  0.2378160    
        1247  0.2376726    
        1248  0.2375299    
        1249  0.2373873    
        1250  0.2372450    
        1251  0.2371029    
        1252  0.2369606    
        1253  0.2368185    
        1254  0.2366770    
        1255  0.2365357    
        1256  0.2363947    
        1257  0.2362534    
        1258  0.2361122    
        1259  0.2359716    
        1260  0.2358312    
        1261  0.2356910    
        1262  0.2355511    
        1263  0.2354110    
        1264  0.2352711    
        1265  0.2351314    
        1266  0.2349920    
        1267  0.2348528    
        1268  0.2347139    
        1269  0.2345752    
        1270  0.2344367    
        1271  0.2342985    
        1272  0.2341602    
        1273  0.2340225    
        1274  0.2338847    
        1275  0.2337473    
        1276  0.2336101    
        1277  0.2334728    
        1278  0.2333357    
        1279  0.2331987    
        1280  0.2330625    
        1281  0.2329261    
        1282  0.2327900    
        1283  0.2326540    
        1284  0.2325180    
        1285  0.2323819    
        1286  0.2322461    
        1287  0.2321107    
        1288  0.2319753    
        1289  0.2318402    
        1290  0.2317054    
        1291  0.2315710    
        1292  0.2314360    
        1293  0.2313019    
        1294  0.2311677    
        1295  0.2310339    
        1296  0.2309003    
        1297  0.2307665    
        1298  0.2306331    
        1299  0.2304996    
        1300  0.2303669    
        1301  0.2302341    
        1302  0.2301017    
        1303  0.2299690    
        1304  0.2298368    
        1305  0.2297047    
        1306  0.2295725    
        1307  0.2294402    
        1308  0.2293088    
        1309  0.2291776    
        1310  0.2290463    
        1311  0.2289153    
        1312  0.2287842    
        1313  0.2286537    
        1314  0.2285231    
        1315  0.2283931    
        1316  0.2282631    
        1317  0.2281333    
        1318  0.2280034    
        1319  0.2278740    
        1320  0.2277446    
        1321  0.2276155    
        1322  0.2274864    
        1323  0.2273576    
        1324  0.2272287    
        1325  0.2271001    
        1326  0.2269717    
        1327  0.2268432    
        1328  0.2267152    
        1329  0.2265868    
        1330  0.2264590    
        1331  0.2263314    
        1332  0.2262041    
        1333  0.2260766    
        1334  0.2259496    
        1335  0.2258227    
        1336  0.2256959    
        1337  0.2255690    
        1338  0.2254429    
        1339  0.2253167    
        1340  0.2251908    
        1341  0.2250644    
        1342  0.2249386    
        1343  0.2248129    
        1344  0.2246875    
        1345  0.2245619    
        1346  0.2244371    
        1347  0.2243122    
        1348  0.2241873    
        1349  0.2240622    
        1350  0.2239379    
        1351  0.2238136    
        1352  0.2236897    
        1353  0.2235653    
        1354  0.2234417    
        1355  0.2233180    
        1356  0.2231946    
        1357  0.2230709    
        1358  0.2229480    
        1359  0.2228247    
        1360  0.2227020    
        1361  0.2225790    
        1362  0.2224565    
        1363  0.2223340    
        1364  0.2222118    
        1365  0.2220893    
        1366  0.2219672    
        1367  0.2218457    
        1368  0.2217239    
        1369  0.2216025    
        1370  0.2214810    
        1371  0.2213599    
        1372  0.2212388    
        1373  0.2211181    
        1374  0.2209975    
        1375  0.2208770    
        1376  0.2207570    
        1377  0.2206369    
        1378  0.2205166    
        1379  0.2203969    
        1380  0.2202771    
        1381  0.2201574    
        1382  0.2200377    
        1383  0.2199185    
        1384  0.2197995    
        1385  0.2196804    
        1386  0.2195614    
        1387  0.2194425    
        1388  0.2193239    
        1389  0.2192055    
        1390  0.2190873    
        1391  0.2189690    
        1392  0.2188512    
        1393  0.2187332    
        1394  0.2186154    
        1395  0.2184975    
        1396  0.2183798    
        1397  0.2182625    
        1398  0.2181453    
        1399  0.2180283    
        1400  0.2179116    
        1401  0.2177951    
        1402  0.2176786    
        1403  0.2175623    
        1404  0.2174460    
        1405  0.2173299    
        1406  0.2172139    
        1407  0.2170979    
        1408  0.2169820    
        1409  0.2168664    
        1410  0.2167511    
        1411  0.2166357    
        1412  0.2165207    
        1413  0.2164056    
        1414  0.2162905    
        1415  0.2161757    
        1416  0.2160612    
        1417  0.2159467    
        1418  0.2158326    
        1419  0.2157187    
        1420  0.2156048    
        1421  0.2154909    
        1422  0.2153771    
        1423  0.2152634    
        1424  0.2151501    
        1425  0.2150366    
        1426  0.2149237    
        1427  0.2148106    
        1428  0.2146978    
        1429  0.2145851    
        1430  0.2144726    
        1431  0.2143600    
        1432  0.2142478    
        1433  0.2141358    
        1434  0.2140236    
        1435  0.2139116    
        1436  0.2137998    
        1437  0.2136882    
        1438  0.2135770    
        1439  0.2134656    
        1440  0.2133541    
        1441  0.2132431    
        1442  0.2131324    
        1443  0.2130217    
        1444  0.2129111    
        1445  0.2128004    
        1446  0.2126902    
        1447  0.2125800    
        1448  0.2124699    
        1449  0.2123595    
        1450  0.2122495    
        1451  0.2121396    
        1452  0.2120303    
        1453  0.2119209    
        1454  0.2118114    
        1455  0.2117024    
        1456  0.2115934    
        1457  0.2114848    
        1458  0.2113759    
        1459  0.2112670    
        1460  0.2111580    
        1461  0.2110495    
        1462  0.2109414    
        1463  0.2108334    
        1464  0.2107254    
        1465  0.2106171    
        1466  0.2105094    
        1467  0.2104018    
        1468  0.2102939    
        1469  0.2101866    
        1470  0.2100792    
        1471  0.2099722    
        1472  0.2098652    
        1473  0.2097583    
        1474  0.2096517    
        1475  0.2095451    
        1476  0.2094387    
        1477  0.2093323    
        1478  0.2092260    
        1479  0.2091200    
        1480  0.2090140    
        1481  0.2089082    
        1482  0.2088026    
        1483  0.2086970    
        1484  0.2085916    
        1485  0.2084860    
        1486  0.2083807    
        1487  0.2082756    
        1488  0.2081705    
        1489  0.2080658    
        1490  0.2079611    
        1491  0.2078565    
        1492  0.2077523    
        1493  0.2076478    
        1494  0.2075435    
        1495  0.2074395    
        1496  0.2073355    
        1497  0.2072319    
        1498  0.2071279    
        1499  0.2070242    
        1500  0.2069209    
        1501  0.2068176    
        1502  0.2067146    
        1503  0.2066115    
        1504  0.2065082    
        1505  0.2064056    
        1506  0.2063027    
        1507  0.2061997    
        1508  0.2060972    
        1509  0.2059949    
        1510  0.2058925    
        1511  0.2057902    
        1512  0.2056879    
        1513  0.2055861    
        1514  0.2054839    
        1515  0.2053820    
        1516  0.2052804    
        1517  0.2051788    
        1518  0.2050775    
        1519  0.2049764    
        1520  0.2048752    
        1521  0.2047745    
        1522  0.2046736    
        1523  0.2045729    
        1524  0.2044724    
        1525  0.2043718    
        1526  0.2042715    
        1527  0.2041710    
        1528  0.2040706    
        1529  0.2039705    
        1530  0.2038704    
        1531  0.2037705    
        1532  0.2036709    
        1533  0.2035713    
        1534  0.2034717    
        1535  0.2033724    
        1536  0.2032725    
        1537  0.2031733    
        1538  0.2030739    
        1539  0.2029748    
        1540  0.2028762    
        1541  0.2027771    
        1542  0.2026785    
        1543  0.2025802    
        1544  0.2024818    
        1545  0.2023836    
        1546  0.2022856    
        1547  0.2021872    
        1548  0.2020892    
        1549  0.2019916    
        1550  0.2018937    
        1551  0.2017960    
        1552  0.2016981    
        1553  0.2016006    
        1554  0.2015031    
        1555  0.2014058    
        1556  0.2013087    
        1557  0.2012119    
        1558  0.2011147    
        1559  0.2010178    
        1560  0.2009212    
        1561  0.2008245    
        1562  0.2007280    
        1563  0.2006319    
        1564  0.2005356    
        1565  0.2004399    
        1566  0.2003442    
        1567  0.2002480    
        1568  0.2001522    
        1569  0.2000567    
        1570  0.1999603    
        1571  0.1998647    
        1572  0.1997696    
        1573  0.1996740    
        1574  0.1995790    
        1575  0.1994838    
        1576  0.1993889    
        1577  0.1992940    
        1578  0.1991993    
        1579  0.1991048    
        1580  0.1990102    
        1581  0.1989156    
        1582  0.1988209    
        1583  0.1987269    
        1584  0.1986326    
        1585  0.1985388    
        1586  0.1984451    
        1587  0.1983512    
        1588  0.1982574    
        1589  0.1981639    
        1590  0.1980705    
        1591  0.1979773    
        1592  0.1978839    
        1593  0.1977905    
        1594  0.1976973    
        1595  0.1976044    
        1596  0.1975116    
        1597  0.1974186    
        1598  0.1973262    
        1599  0.1972338    
        1600  0.1971413    
        1601  0.1970488    
        1602  0.1969567    
        1603  0.1968644    
        1604  0.1967724    
        1605  0.1966806    
        1606  0.1965884    
        1607  0.1964966    
        1608  0.1964054    
        1609  0.1963137    
        1610  0.1962224    
        1611  0.1961315    
        1612  0.1960398    
        1613  0.1959488    
        1614  0.1958581    
        1615  0.1957670    
        1616  0.1956761    
        1617  0.1955856    
        1618  0.1954947    
        1619  0.1954044    
        1620  0.1953139    
        1621  0.1952236    
        1622  0.1951335    
        1623  0.1950434    
        1624  0.1949533    
        1625  0.1948629    
        1626  0.1947732    
        1627  0.1946836    
        1628  0.1945935    
        1629  0.1945037    
        1630  0.1944142    
        1631  0.1943246    
        1632  0.1942353    
        1633  0.1941462    
        1634  0.1940569    
        1635  0.1939679    
        1636  0.1938789    
        1637  0.1937898    
        1638  0.1937011    
        1639  0.1936124    
        1640  0.1935239    
        1641  0.1934351    
        1642  0.1933466    
        1643  0.1932584    
        1644  0.1931700    
        1645  0.1930820    
        1646  0.1929941    
        1647  0.1929062    
        1648  0.1928186    
        1649  0.1927309    
        1650  0.1926432    
        1651  0.1925557    
        1652  0.1924684    
        1653  0.1923811    
        1654  0.1922937    
        1655  0.1922067    
        1656  0.1921197    
        1657  0.1920326    
        1658  0.1919460    
        1659  0.1918592    
        1660  0.1917727    
        1661  0.1916859    
        1662  0.1915992    
        1663  0.1915129    
        1664  0.1914263    
        1665  0.1913402    
        1666  0.1912541    
        1667  0.1911679    
        1668  0.1910820    
        1669  0.1909959    
        1670  0.1909104    
        1671  0.1908246    
        1672  0.1907391    
        1673  0.1906538    
        1674  0.1905681    
        1675  0.1904829    
        1676  0.1903977    
        1677  0.1903124    
        1678  0.1902272    
        1679  0.1901423    
        1680  0.1900571    
        1681  0.1899720    
        1682  0.1898875    
        1683  0.1898028    
        1684  0.1897181    
        1685  0.1896337    
        1686  0.1895492    
        1687  0.1894653    
        1688  0.1893809    
        1689  0.1892968    
        1690  0.1892128    
        1691  0.1891286    
        1692  0.1890447    
        1693  0.1889609    
        1694  0.1888774    
        1695  0.1887936    
        1696  0.1887102    
        1697  0.1886265    
        1698  0.1885430    
        1699  0.1884599    
        1700  0.1883767    
        1701  0.1882940    
        1702  0.1882108    
        1703  0.1881282    
        1704  0.1880451    
        1705  0.1879622    
        1706  0.1878794    
        1707  0.1877968    
        1708  0.1877145    
        1709  0.1876320    
        1710  0.1875499    
        1711  0.1874676    
        1712  0.1873848    
        1713  0.1873027    
        1714  0.1872206    
        1715  0.1871390    
        1716  0.1870571    
        1717  0.1869756    
        1718  0.1868937    
        1719  0.1868124    
        1720  0.1867306    
        1721  0.1866480    
        1722  0.1865668    
        1723  0.1864859    
        1724  0.1864047    
        1725  0.1863238    
        1726  0.1862430    
        1727  0.1861618    
        1728  0.1860820    
        1729  0.1860013    
        1730  0.1859209    
        1731  0.1858401    
        1732  0.1857599    
        1733  0.1856808    
        1734  0.1856005    
        1735  0.1855199    
        1736  0.1854400    
        1737  0.1853610    
        1738  0.1852810    
        1739  0.1852020    
        1740  0.1851216    
        1741  0.1850427    
        1742  0.1849628    
        1743  0.1848833    
        1744  0.1848037    
        1745  0.1847244    
        1746  0.1846449    
        1747  0.1845658    
        1748  0.1844864    
        1749  0.1844073    
        1750  0.1843281    
        1751  0.1842494    
        1752  0.1841705    
        1753  0.1840919    
        1754  0.1840132    
        1755  0.1839346    
        1756  0.1838561    
        1757  0.1837775    
        1758  0.1836992    
        1759  0.1836209    
        1760  0.1835428    
        1761  0.1834645    
        1762  0.1833865    
        1763  0.1833082    
        1764  0.1832303    
        1765  0.1831521    
        1766  0.1830746    
        1767  0.1829969    
        1768  0.1829196    
        1769  0.1828419    
        1770  0.1827646    
        1771  0.1826872    
        1772  0.1826098    
        1773  0.1825323    
        1774  0.1824552    
        1775  0.1823780    
        1776  0.1823012    
        1777  0.1822241    
        1778  0.1821474    
        1779  0.1820704    
        1780  0.1819938    
        1781  0.1819169    
        1782  0.1818406    
        1783  0.1817642    
        1784  0.1816880    
        1785  0.1816115    
        1786  0.1815352    
        1787  0.1814589    
        1788  0.1813830    
        1789  0.1813066    
        1790  0.1812309    
        1791  0.1811550    
        1792  0.1810793    
        1793  0.1810034    
        1794  0.1809278    
        1795  0.1808519    
        1796  0.1807765    
        1797  0.1807007    
        1798  0.1806256    
        1799  0.1805501    
        1800  0.1804752    
        1801  0.1803997    
        1802  0.1803249    
        1803  0.1802498    
        1804  0.1801748    
        1805  0.1800999    
        1806  0.1800253    
        1807  0.1799505    
        1808  0.1798760    
        1809  0.1798013    
        1810  0.1797266    
        1811  0.1796518    
        1812  0.1795774    
        1813  0.1795031    
        1814  0.1794288    
        1815  0.1793548    
        1816  0.1792808    
        1817  0.1792069    
        1818  0.1791327    
        1819  0.1790591    
        1820  0.1789848    
        1821  0.1789112    
        1822  0.1788373    
        1823  0.1787641    
        1824  0.1786904    
        1825  0.1786171    
        1826  0.1785435    
        1827  0.1784703    
        1828  0.1783971    
        1829  0.1783241    
        1830  0.1782507    
        1831  0.1781778    
        1832  0.1781048    
        1833  0.1780321    
        1834  0.1779596    
        1835  0.1778866    
        1836  0.1778141    
        1837  0.1777414    
        1838  0.1776691    
        1839  0.1775963    
        1840  0.1775236    
        1841  0.1774511    
        1842  0.1773788    
        1843  0.1773063    
        1844  0.1772342    
        1845  0.1771621    
        1846  0.1770902    
        1847  0.1770182    
        1848  0.1769464    
        1849  0.1768748    
        1850  0.1768030    
        1851  0.1767315    
        1852  0.1766598    
        1853  0.1765885    
        1854  0.1765167    
        1855  0.1764457    
        1856  0.1763742    
        1857  0.1763033    
        1858  0.1762321    
        1859  0.1761609    
        1860  0.1760899    
        1861  0.1760189    
        1862  0.1759479    
        1863  0.1758768    
        1864  0.1758064    
        1865  0.1757355    
        1866  0.1756650    
        1867  0.1755945    
        1868  0.1755240    
        1869  0.1754538    
        1870  0.1753830    
        1871  0.1753129    
        1872  0.1752424    
        1873  0.1751726    
        1874  0.1751022    
        1875  0.1750324    
        1876  0.1749623    
        1877  0.1748923    
        1878  0.1748224    
        1879  0.1747523    
        1880  0.1746826    
        1881  0.1746128    
        1882  0.1745436    
        1883  0.1744739    
        1884  0.1744045    
        1885  0.1743351    
        1886  0.1742660    
        1887  0.1741968    
        1888  0.1741274    
        1889  0.1740583    
        1890  0.1739891    
        1891  0.1739204    
        1892  0.1738513    
        1893  0.1737824    
        1894  0.1737136    
        1895  0.1736448    
        1896  0.1735761    
        1897  0.1735071    
        1898  0.1734387    
        1899  0.1733702    
        1900  0.1733019    
        1901  0.1732339    
        1902  0.1731656    
        1903  0.1730977    
        1904  0.1730298    
        1905  0.1729618    
        1906  0.1728937    
        1907  0.1728257    
        1908  0.1727578    
        1909  0.1726900    
        1910  0.1726223    
        1911  0.1725543    
        1912  0.1724866    
        1913  0.1724190    
        1914  0.1723513    
        1915  0.1722839    
        1916  0.1722163    
        1917  0.1721489    
        1918  0.1720815    
        1919  0.1720144    
        1920  0.1719473    
        1921  0.1718801    
        1922  0.1718132    
        1923  0.1717461    
        1924  0.1716793    
        1925  0.1716123    
        1926  0.1715454    
        1927  0.1714787    
        1928  0.1714118    
        1929  0.1713452    
        1930  0.1712783    
        1931  0.1712117    
        1932  0.1711455    
        1933  0.1710790    
        1934  0.1710128    
        1935  0.1709463    
        1936  0.1708800    
        1937  0.1708138    
        1938  0.1707479    
        1939  0.1706820    
        1940  0.1706158    
        1941  0.1705500    
        1942  0.1704841    
        1943  0.1704184    
        1944  0.1703527    
        1945  0.1702869    
        1946  0.1702211    
        1947  0.1701556    
        1948  0.1700900    
        1949  0.1700246    
        1950  0.1699592    
        1951  0.1698939    
        1952  0.1698287    
        1953  0.1697637    
        1954  0.1696985    
        1955  0.1696334    
        1956  0.1695683    
        1957  0.1695034    
        1958  0.1694385    
        1959  0.1693736    
        1960  0.1693089    
        1961  0.1692440    
        1962  0.1691795    
        1963  0.1691149    
        1964  0.1690502    
        1965  0.1689855    
        1966  0.1689209    
        1967  0.1688564    
        1968  0.1687923    
        1969  0.1687278    
        1970  0.1686636    
        1971  0.1685993    
        1972  0.1685353    
        1973  0.1684712    
        1974  0.1684070    
        1975  0.1683430    
        1976  0.1682793    
        1977  0.1682156    
        1978  0.1681518    
        1979  0.1680880    
        1980  0.1680244    
        1981  0.1679607    
        1982  0.1678972    
        1983  0.1678337    
        1984  0.1677700    
        1985  0.1677066    
        1986  0.1676432    
        1987  0.1675800    
        1988  0.1675169    
        1989  0.1674536    
        1990  0.1673906    
        1991  0.1673276    
        1992  0.1672647    
        1993  0.1672018    
        1994  0.1671388    
        1995  0.1670758    
        1996  0.1670132    
        1997  0.1669504    
        1998  0.1668878    
        1999  0.1668252    
        2000  0.1667625    

real	4m45.900s
user	0m0.212s
sys	0m0.360s
