           1   45.00047    
           2   29.36307    
           3   21.92814    
           4   17.70309    
           5   14.97568    
           6   13.05829    
           7   11.62897    
           8   10.51753    
           9   9.625859    
          10   8.892460    
          11   8.277411    
          12   7.753144    
          13   7.300236    
          14   6.904713    
          15   6.555759    
          16   6.245304    
          17   5.967114    
          18   5.716242    
          19   5.488630    
          20   5.281306    
          21   5.091170    
          22   4.916263    
          23   4.754819    
          24   4.605239    
          25   4.466172    
          26   4.336485    
          27   4.215276    
          28   4.101784    
          29   3.995032    
          30   3.894647    
          31   3.799948    
          32   3.710377    
          33   3.625647    
          34   3.545233    
          35   3.468966    
          36   3.396319    
          37   3.327198    
          38   3.261233    
          39   3.198263    
          40   3.138038    
          41   3.080405    
          42   3.025201    
          43   2.972240    
          44   2.921370    
          45   2.872462    
          46   2.825497    
          47   2.780228    
          48   2.736626    
          49   2.694597    
          50   2.654089    
          51   2.614902    
          52   2.577045    
          53   2.540490    
          54   2.505091    
          55   2.470827    
          56   2.437636    
          57   2.405485    
          58   2.374291    
          59   2.344038    
          60   2.314630    
          61   2.286118    
          62   2.258373    
          63   2.231418    
          64   2.205215    
          65   2.179682    
          66   2.154854    
          67   2.130657    
          68   2.107131    
          69   2.084155    
          70   2.061811    
          71   2.039950    
          72   2.018652    
          73   1.997869    
          74   1.977572    
          75   1.957745    
          76   1.938403    
          77   1.919451    
          78   1.900967    
          79   1.882880    
          80   1.865194    
          81   1.847907    
          82   1.830953    
          83   1.814380    
          84   1.798176    
          85   1.782256    
          86   1.766689    
          87   1.751424    
          88   1.736465    
          89   1.721802    
          90   1.707433    
          91   1.693317    
          92   1.679500    
          93   1.665933    
          94   1.652613    
          95   1.639552    
          96   1.626716    
          97   1.614113    
          98   1.601735    
          99   1.589588    
         100   1.577647    
         101   1.565903    
         102   1.554373    
         103   1.543036    
         104   1.531897    
         105   1.520940    
         106   1.510160    
         107   1.499552    
         108   1.489146    
         109   1.478868    
         110   1.468762    
         111   1.458830    
         112   1.449038    
         113   1.439423    
         114   1.429950    
         115   1.420595    
         116   1.411386    
         117   1.402312    
         118   1.393395    
         119   1.384600    
         120   1.375948    
         121   1.367408    
         122   1.358988    
         123   1.350688    
         124   1.342522    
         125   1.334446    
         126   1.326485    
         127   1.318637    
         128   1.310898    
         129   1.303257    
         130   1.295740    
         131   1.288304    
         132   1.280986    
         133   1.273749    
         134   1.266617    
         135   1.259575    
         136   1.252640    
         137   1.245767    
         138   1.238986    
         139   1.232279    
         140   1.225657    
         141   1.219155    
         142   1.212711    
         143   1.206345    
         144   1.200052    
         145   1.193835    
         146   1.187684    
         147   1.181619    
         148   1.175628    
         149   1.169707    
         150   1.163849    
         151   1.158061    
         152   1.152343    
         153   1.146693    
         154   1.141101    
         155   1.135567    
         156   1.130098    
         157   1.124702    
         158   1.119362    
         159   1.114058    
         160   1.108827    
         161   1.103651    
         162   1.098539    
         163   1.093477    
         164   1.088479    
         165   1.083524    
         166   1.078621    
         167   1.073770    
         168   1.068972    
         169   1.064237    
         170   1.059532    
         171   1.054872    
         172   1.050268    
         173   1.045709    
         174   1.041199    
         175   1.036732    
         176   1.032318    
         177   1.027932    
         178   1.023593    
         179   1.019289    
         180   1.015041    
         181   1.010828    
         182   1.006658    
         183   1.002525    
         184  0.9984408    
         185  0.9943926    
         186  0.9903831    
         187  0.9864078    
         188  0.9824688    
         189  0.9785795    
         190  0.9747170    
         191  0.9708755    
         192  0.9670882    
         193  0.9633129    
         194  0.9595912    
         195  0.9558928    
         196  0.9522288    
         197  0.9486119    
         198  0.9450189    
         199  0.9414599    
         200  0.9379249    
         201  0.9344217    
         202  0.9309610    
         203  0.9275065    
         204  0.9241090    
         205  0.9207295    
         206  0.9173657    
         207  0.9140449    
         208  0.9107308    
         209  0.9074680    
         210  0.9042231    
         211  0.9009991    
         212  0.8978104    
         213  0.8946418    
         214  0.8914942    
         215  0.8883963    
         216  0.8853014    
         217  0.8822383    
         218  0.8791912    
         219  0.8761803    
         220  0.8731884    
         221  0.8702255    
         222  0.8672938    
         223  0.8643862    
         224  0.8614829    
         225  0.8586103    
         226  0.8557544    
         227  0.8529193    
         228  0.8501046    
         229  0.8473185    
         230  0.8445665    
         231  0.8418260    
         232  0.8391027    
         233  0.8363934    
         234  0.8337113    
         235  0.8310403    
         236  0.8284019    
         237  0.8257759    
         238  0.8231713    
         239  0.8205918    
         240  0.8180322    
         241  0.8154742    
         242  0.8129507    
         243  0.8104450    
         244  0.8079386    
         245  0.8054627    
         246  0.8030071    
         247  0.8005639    
         248  0.7981488    
         249  0.7957389    
         250  0.7933619    
         251  0.7909910    
         252  0.7886384    
         253  0.7862943    
         254  0.7839698    
         255  0.7816592    
         256  0.7793759    
         257  0.7770925    
         258  0.7748339    
         259  0.7725912    
         260  0.7703631    
         261  0.7681530    
         262  0.7659550    
         263  0.7637693    
         264  0.7616016    
         265  0.7594437    
         266  0.7572968    
         267  0.7551643    
         268  0.7530497    
         269  0.7509465    
         270  0.7488589    
         271  0.7467754    
         272  0.7447078    
         273  0.7426566    
         274  0.7406173    
         275  0.7386019    
         276  0.7365907    
         277  0.7345949    
         278  0.7326158    
         279  0.7306504    
         280  0.7286971    
         281  0.7267541    
         282  0.7248119    
         283  0.7228962    
         284  0.7209854    
         285  0.7190951    
         286  0.7172095    
         287  0.7153360    
         288  0.7134662    
         289  0.7116166    
         290  0.7097667    
         291  0.7079441    
         292  0.7061210    
         293  0.7043075    
         294  0.7024997    
         295  0.7007216    
         296  0.6989518    
         297  0.6971932    
         298  0.6954371    
         299  0.6936889    
         300  0.6919502    
         301  0.6902311    
         302  0.6885175    
         303  0.6868132    
         304  0.6851144    
         305  0.6834266    
         306  0.6817588    
         307  0.6800864    
         308  0.6784355    
         309  0.6767824    
         310  0.6751482    
         311  0.6735131    
         312  0.6718998    
         313  0.6702889    
         314  0.6686816    
         315  0.6670914    
         316  0.6655012    
         317  0.6639270    
         318  0.6623597    
         319  0.6608028    
         320  0.6592532    
         321  0.6577072    
         322  0.6561853    
         323  0.6546504    
         324  0.6531355    
         325  0.6516322    
         326  0.6501330    
         327  0.6486515    
         328  0.6471602    
         329  0.6456845    
         330  0.6442140    
         331  0.6427531    
         332  0.6413028    
         333  0.6398593    
         334  0.6384214    
         335  0.6369892    
         336  0.6355624    
         337  0.6341427    
         338  0.6327437    
         339  0.6313400    
         340  0.6299477    
         341  0.6285589    
         342  0.6271768    
         343  0.6258073    
         344  0.6244487    
         345  0.6230958    
         346  0.6217373    
         347  0.6203803    
         348  0.6190491    
         349  0.6177208    
         350  0.6163926    
         351  0.6150840    
         352  0.6137730    
         353  0.6124626    
         354  0.6111706    
         355  0.6098785    
         356  0.6085886    
         357  0.6073112    
         358  0.6060348    
         359  0.6047558    
         360  0.6034980    
         361  0.6022436    
         362  0.6010027    
         363  0.5997654    
         364  0.5985305    
         365  0.5973011    
         366  0.5960778    
         367  0.5948496    
         368  0.5936365    
         369  0.5924293    
         370  0.5912231    
         371  0.5900289    
         372  0.5888363    
         373  0.5876493    
         374  0.5864745    
         375  0.5853010    
         376  0.5841364    
         377  0.5829760    
         378  0.5818168    
         379  0.5806612    
         380  0.5795133    
         381  0.5783814    
         382  0.5772465    
         383  0.5761112    
         384  0.5749828    
         385  0.5738620    
         386  0.5727491    
         387  0.5716331    
         388  0.5705325    
         389  0.5694290    
         390  0.5683345    
         391  0.5672420    
         392  0.5661606    
         393  0.5650752    
         394  0.5639982    
         395  0.5629311    
         396  0.5618633    
         397  0.5608013    
         398  0.5597439    
         399  0.5586920    
         400  0.5576398    
         401  0.5565962    
         402  0.5555567    
         403  0.5545248    
         404  0.5534881    
         405  0.5524651    
         406  0.5514439    
         407  0.5504330    
         408  0.5494150    
         409  0.5484138    
         410  0.5474072    
         411  0.5464060    
         412  0.5454067    
         413  0.5444230    
         414  0.5434366    
         415  0.5424542    
         416  0.5414713    
         417  0.5405003    
         418  0.5395276    
         419  0.5385609    
         420  0.5375952    
         421  0.5366396    
         422  0.5356878    
         423  0.5347368    
         424  0.5337887    
         425  0.5328515    
         426  0.5319145    
         427  0.5309763    
         428  0.5300474    
         429  0.5291187    
         430  0.5282018    
         431  0.5272784    
         432  0.5263658    
         433  0.5254509    
         434  0.5245501    
         435  0.5236399    
         436  0.5227420    
         437  0.5218475    
         438  0.5209569    
         439  0.5200583    
         440  0.5191674    
         441  0.5182909    
         442  0.5174105    
         443  0.5165344    
         444  0.5156623    
         445  0.5147918    
         446  0.5139274    
         447  0.5130503    
         448  0.5121922    
         449  0.5113385    
         450  0.5104860    
         451  0.5096411    
         452  0.5087883    
         453  0.5079519    
         454  0.5071103    
         455  0.5062760    
         456  0.5054385    
         457  0.5046051    
         458  0.5037881    
         459  0.5029622    
         460  0.5021403    
         461  0.5013208    
         462  0.5005057    
         463  0.4996963    
         464  0.4988898    
         465  0.4980831    
         466  0.4972875    
         467  0.4964864    
         468  0.4956923    
         469  0.4949012    
         470  0.4941035    
         471  0.4933214    
         472  0.4925370    
         473  0.4917627    
         474  0.4909844    
         475  0.4902020    
         476  0.4894310    
         477  0.4886588    
         478  0.4878842    
         479  0.4871193    
         480  0.4863595    
         481  0.4855956    
         482  0.4848433    
         483  0.4840929    
         484  0.4833352    
         485  0.4825864    
         486  0.4818432    
         487  0.4811000    
         488  0.4803622    
         489  0.4796216    
         490  0.4788869    
         491  0.4781580    
         492  0.4774300    
         493  0.4767039    
         494  0.4759811    
         495  0.4752580    
         496  0.4745393    
         497  0.4738280    
         498  0.4731138    
         499  0.4723994    
         500  0.4716902    
         501  0.4709840    
         502  0.4702806    
         503  0.4695874    
         504  0.4688854    
         505  0.4681828    
         506  0.4674949    
         507  0.4667986    
         508  0.4661098    
         509  0.4654276    
         510  0.4647444    
         511  0.4640560    
         512  0.4633754    
         513  0.4627022    
         514  0.4620234    
         515  0.4613543    
         516  0.4606836    
         517  0.4600112    
         518  0.4593475    
         519  0.4586839    
         520  0.4580255    
         521  0.4573639    
         522  0.4567021    
         523  0.4560495    
         524  0.4553915    
         525  0.4547431    
         526  0.4540912    
         527  0.4534435    
         528  0.4527932    
         529  0.4521501    
         530  0.4515139    
         531  0.4508736    
         532  0.4502435    
         533  0.4496102    
         534  0.4489769    
         535  0.4483412    
         536  0.4477164    
         537  0.4470929    
         538  0.4464690    
         539  0.4458515    
         540  0.4452306    
         541  0.4446146    
         542  0.4439943    
         543  0.4433837    
         544  0.4427699    
         545  0.4421648    
         546  0.4415521    
         547  0.4409529    
         548  0.4403487    
         549  0.4397514    
         550  0.4391500    
         551  0.4385566    
         552  0.4379598    
         553  0.4373641    
         554  0.4367692    
         555  0.4361859    
         556  0.4355983    
         557  0.4350134    
         558  0.4344245    
         559  0.4338469    
         560  0.4332620    
         561  0.4326801    
         562  0.4320997    
         563  0.4315271    
         564  0.4309492    
         565  0.4303770    
         566  0.4298030    
         567  0.4292364    
         568  0.4286664    
         569  0.4281037    
         570  0.4275406    
         571  0.4269828    
         572  0.4264219    
         573  0.4258611    
         574  0.4252994    
         575  0.4247419    
         576  0.4241912    
         577  0.4236411    
         578  0.4230933    
         579  0.4225451    
         580  0.4220004    
         581  0.4214545    
         582  0.4209108    
         583  0.4203707    
         584  0.4198344    
         585  0.4192959    
         586  0.4187554    
         587  0.4182206    
         588  0.4176882    
         589  0.4171531    
         590  0.4166202    
         591  0.4160914    
         592  0.4155699    
         593  0.4150445    
         594  0.4145194    
         595  0.4139980    
         596  0.4134757    
         597  0.4129578    
         598  0.4124388    
         599  0.4119265    
         600  0.4114086    
         601  0.4108981    
         602  0.4103845    
         603  0.4098725    
         604  0.4093647    
         605  0.4088555    
         606  0.4083464    
         607  0.4078419    
         608  0.4073388    
         609  0.4068363    
         610  0.4063292    
         611  0.4058318    
         612  0.4053336    
         613  0.4048390    
         614  0.4043428    
         615  0.4038498    
         616  0.4033608    
         617  0.4028705    
         618  0.4023835    
         619  0.4018957    
         620  0.4014106    
         621  0.4009291    
         622  0.4004456    
         623  0.3999622    
         624  0.3994856    
         625  0.3990026    
         626  0.3985265    
         627  0.3980453    
         628  0.3975701    
         629  0.3970984    
         630  0.3966245    
         631  0.3961545    
         632  0.3956830    
         633  0.3952146    
         634  0.3947502    
         635  0.3942820    
         636  0.3938185    
         637  0.3933543    
         638  0.3928878    
         639  0.3924291    
         640  0.3919691    
         641  0.3915063    
         642  0.3910489    
         643  0.3905922    
         644  0.3901387    
         645  0.3896868    
         646  0.3892286    
         647  0.3887785    
         648  0.3883304    
         649  0.3878776    
         650  0.3874335    
         651  0.3869847    
         652  0.3865357    
         653  0.3860952    
         654  0.3856529    
         655  0.3852116    
         656  0.3847698    
         657  0.3843288    
         658  0.3838914    
         659  0.3834575    
         660  0.3830208    
         661  0.3825822    
         662  0.3821521    
         663  0.3817193    
         664  0.3812898    
         665  0.3808628    
         666  0.3804278    
         667  0.3800000    
         668  0.3795748    
         669  0.3791459    
         670  0.3787214    
         671  0.3782957    
         672  0.3778710    
         673  0.3774488    
         674  0.3770303    
         675  0.3766116    
         676  0.3761894    
         677  0.3757730    
         678  0.3753556    
         679  0.3749423    
         680  0.3745322    
         681  0.3741165    
         682  0.3737025    
         683  0.3732963    
         684  0.3728821    
         685  0.3724761    
         686  0.3720733    
         687  0.3716615    
         688  0.3712568    
         689  0.3708542    
         690  0.3704521    
         691  0.3700531    
         692  0.3696543    
         693  0.3692535    
         694  0.3688532    
         695  0.3684583    
         696  0.3680670    
         697  0.3676681    
         698  0.3672731    
         699  0.3668745    
         700  0.3664787    
         701  0.3660878    
         702  0.3656964    
         703  0.3653094    
         704  0.3649131    
         705  0.3645246    
         706  0.3641411    
         707  0.3637523    
         708  0.3633720    
         709  0.3629890    
         710  0.3626039    
         711  0.3622170    
         712  0.3618380    
         713  0.3614610    
         714  0.3610782    
         715  0.3607047    
         716  0.3603266    
         717  0.3599481    
         718  0.3595706    
         719  0.3591969    
         720  0.3588234    
         721  0.3584469    
         722  0.3580778    
         723  0.3577020    
         724  0.3573316    
         725  0.3569601    
         726  0.3565943    
         727  0.3562266    
         728  0.3558597    
         729  0.3554883    
         730  0.3551249    
         731  0.3547607    
         732  0.3543937    
         733  0.3540329    
         734  0.3536724    
         735  0.3533092    
         736  0.3529414    
         737  0.3525848    
         738  0.3522266    
         739  0.3518688    
         740  0.3515114    
         741  0.3511585    
         742  0.3507997    
         743  0.3504423    
         744  0.3500891    
         745  0.3497413    
         746  0.3493897    
         747  0.3490385    
         748  0.3486884    
         749  0.3483402    
         750  0.3479897    
         751  0.3476424    
         752  0.3472942    
         753  0.3469525    
         754  0.3466066    
         755  0.3462634    
         756  0.3459156    
         757  0.3455769    
         758  0.3452342    
         759  0.3448949    
         760  0.3445548    
         761  0.3442198    
         762  0.3438797    
         763  0.3435400    
         764  0.3432021    
         765  0.3428693    
         766  0.3425329    
         767  0.3421975    
         768  0.3418640    
         769  0.3415337    
         770  0.3412025    
         771  0.3408646    
         772  0.3405344    
         773  0.3402060    
         774  0.3398799    
         775  0.3395467    
         776  0.3392209    
         777  0.3388903    
         778  0.3385639    
         779  0.3382320    
         780  0.3379088    
         781  0.3375843    
         782  0.3372633    
         783  0.3369392    
         784  0.3366164    
         785  0.3362960    
         786  0.3359706    
         787  0.3356542    
         788  0.3353283    
         789  0.3350127    
         790  0.3346937    
         791  0.3343799    
         792  0.3340599    
         793  0.3337443    
         794  0.3334243    
         795  0.3331095    
         796  0.3327987    
         797  0.3324810    
         798  0.3321719    
         799  0.3318606    
         800  0.3315513    
         801  0.3312379    
         802  0.3309250    
         803  0.3306195    
         804  0.3303114    
         805  0.3300075    
         806  0.3296978    
         807  0.3293984    
         808  0.3290933    
         809  0.3287908    
         810  0.3284841    
         811  0.3281754    
         812  0.3278765    
         813  0.3275764    
         814  0.3272755    
         815  0.3269732    
         816  0.3266702    
         817  0.3263735    
         818  0.3260761    
         819  0.3257768    
         820  0.3254761    
         821  0.3251770    
         822  0.3248832    
         823  0.3245871    
         824  0.3242962    
         825  0.3239983    
         826  0.3237052    
         827  0.3234138    
         828  0.3231171    
         829  0.3228279    
         830  0.3225324    
         831  0.3222414    
         832  0.3219534    
         833  0.3216630    
         834  0.3213744    
         835  0.3210837    
         836  0.3207943    
         837  0.3205073    
         838  0.3202210    
         839  0.3199357    
         840  0.3196487    
         841  0.3193619    
         842  0.3190813    
         843  0.3187960    
         844  0.3185129    
         845  0.3182292    
         846  0.3179429    
         847  0.3176636    
         848  0.3173832    
         849  0.3171006    
         850  0.3168221    
         851  0.3165410    
         852  0.3162631    
         853  0.3159854    
         854  0.3157078    
         855  0.3154305    
         856  0.3151524    
         857  0.3148756    
         858  0.3146026    
         859  0.3143277    
         860  0.3140537    
         861  0.3137805    
         862  0.3135064    
         863  0.3132353    
         864  0.3129655    
         865  0.3126912    
         866  0.3124199    
         867  0.3121484    
         868  0.3118781    
         869  0.3116113    
         870  0.3113426    
         871  0.3110741    
         872  0.3108060    
         873  0.3105377    
         874  0.3102714    
         875  0.3100076    
         876  0.3097402    
         877  0.3094749    
         878  0.3092108    
         879  0.3089459    
         880  0.3086839    
         881  0.3084223    
         882  0.3081589    
         883  0.3078951    
         884  0.3076338    
         885  0.3073730    
         886  0.3071132    
         887  0.3068533    
         888  0.3065928    
         889  0.3063336    
         890  0.3060745    
         891  0.3058170    
         892  0.3055626    
         893  0.3053042    
         894  0.3050467    
         895  0.3047916    
         896  0.3045352    
         897  0.3042792    
         898  0.3040283    
         899  0.3037733    
         900  0.3035198    
         901  0.3032675    
         902  0.3030165    
         903  0.3027649    
         904  0.3025154    
         905  0.3022664    
         906  0.3020169    
         907  0.3017661    
         908  0.3015177    
         909  0.3012709    
         910  0.3010218    
         911  0.3007754    
         912  0.3005303    
         913  0.3002827    
         914  0.3000354    
         915  0.2997916    
         916  0.2995457    
         917  0.2993012    
         918  0.2990558    
         919  0.2988065    
         920  0.2985630    
         921  0.2983182    
         922  0.2980725    
         923  0.2978326    
         924  0.2975912    
         925  0.2973514    
         926  0.2971086    
         927  0.2968659    
         928  0.2966277    
         929  0.2963895    
         930  0.2961512    
         931  0.2959125    
         932  0.2956727    
         933  0.2954351    
         934  0.2951985    
         935  0.2949621    
         936  0.2947261    
         937  0.2944889    
         938  0.2942558    
         939  0.2940183    
         940  0.2937834    
         941  0.2935503    
         942  0.2933156    
         943  0.2930816    
         944  0.2928494    
         945  0.2926182    
         946  0.2923840    
         947  0.2921506    
         948  0.2919208    
         949  0.2916897    
         950  0.2914598    
         951  0.2912309    
         952  0.2910002    
         953  0.2907714    
         954  0.2905408    
         955  0.2903140    
         956  0.2900841    
         957  0.2898570    
         958  0.2896285    
         959  0.2894032    
         960  0.2891764    
         961  0.2889507    
         962  0.2887266    
         963  0.2885007    
         964  0.2882762    
         965  0.2880498    
         966  0.2878286    
         967  0.2876044    
         968  0.2873817    
         969  0.2871602    
         970  0.2869399    
         971  0.2867159    
         972  0.2864945    
         973  0.2862761    
         974  0.2860550    
         975  0.2858354    
         976  0.2856163    
         977  0.2853996    
         978  0.2851770    
         979  0.2849588    
         980  0.2847410    
         981  0.2845253    
         982  0.2843057    
         983  0.2840902    
         984  0.2838749    
         985  0.2836571    
         986  0.2834400    
         987  0.2832253    
         988  0.2830125    
         989  0.2827971    
         990  0.2825813    
         991  0.2823675    
         992  0.2821533    
         993  0.2819388    
         994  0.2817256    
         995  0.2815135    
         996  0.2813041    
         997  0.2810906    
         998  0.2808799    
         999  0.2806655    
        1000  0.2804561    
        1001  0.2802436    
        1002  0.2800354    
        1003  0.2798255    
        1004  0.2796190    
        1005  0.2794077    
        1006  0.2791986    
        1007  0.2789898    
        1008  0.2787850    
        1009  0.2785747    
        1010  0.2783698    
        1011  0.2781625    
        1012  0.2779585    
        1013  0.2777483    
        1014  0.2775433    
        1015  0.2773383    
        1016  0.2771364    
        1017  0.2769293    
        1018  0.2767273    
        1019  0.2765234    
        1020  0.2763231    
        1021  0.2761148    
        1022  0.2759140    
        1023  0.2757122    
        1024  0.2755125    
        1025  0.2753088    
        1026  0.2751096    
        1027  0.2749098    
        1028  0.2747104    
        1029  0.2745074    
        1030  0.2743081    
        1031  0.2741102    
        1032  0.2739123    
        1033  0.2737142    
        1034  0.2735142    
        1035  0.2733188    
        1036  0.2731188    
        1037  0.2729225    
        1038  0.2727221    
        1039  0.2725275    
        1040  0.2723308    
        1041  0.2721367    
        1042  0.2719384    
        1043  0.2717443    
        1044  0.2715464    
        1045  0.2713517    
        1046  0.2711554    
        1047  0.2709604    
        1048  0.2707679    
        1049  0.2705727    
        1050  0.2703806    
        1051  0.2701841    
        1052  0.2699914    
        1053  0.2697982    
        1054  0.2696085    
        1055  0.2694143    
        1056  0.2692235    
        1057  0.2690339    
        1058  0.2688429    
        1059  0.2686528    
        1060  0.2684588    
        1061  0.2682696    
        1062  0.2680809    
        1063  0.2678942    
        1064  0.2677028    
        1065  0.2675157    
        1066  0.2673298    
        1067  0.2671413    
        1068  0.2669540    
        1069  0.2667625    
        1070  0.2665781    
        1071  0.2663924    
        1072  0.2662077    
        1073  0.2660206    
        1074  0.2658347    
        1075  0.2656519    
        1076  0.2654669    
        1077  0.2652825    
        1078  0.2650945    
        1079  0.2649120    
        1080  0.2647297    
        1081  0.2645457    
        1082  0.2643626    
        1083  0.2641789    
        1084  0.2639990    
        1085  0.2638172    
        1086  0.2636334    
        1087  0.2634500    
        1088  0.2632678    
        1089  0.2630895    
        1090  0.2629093    
        1091  0.2627290    
        1092  0.2625472    
        1093  0.2623667    
        1094  0.2621890    
        1095  0.2620065    
        1096  0.2618264    
        1097  0.2616457    
        1098  0.2614667    
        1099  0.2612898    
        1100  0.2611116    
        1101  0.2609337    
        1102  0.2607543    
        1103  0.2605771    
        1104  0.2603995    
        1105  0.2602212    
        1106  0.2600449    
        1107  0.2598675    
        1108  0.2596922    
        1109  0.2595185    
        1110  0.2593425    
        1111  0.2591670    
        1112  0.2589910    
        1113  0.2588156    
        1114  0.2586417    
        1115  0.2584682    
        1116  0.2582939    
        1117  0.2581194    
        1118  0.2579458    
        1119  0.2577747    
        1120  0.2576018    
        1121  0.2574276    
        1122  0.2572553    
        1123  0.2570798    
        1124  0.2569113    
        1125  0.2567393    
        1126  0.2565668    
        1127  0.2563969    
        1128  0.2562267    
        1129  0.2560586    
        1130  0.2558889    
        1131  0.2557174    
        1132  0.2555484    
        1133  0.2553757    
        1134  0.2552079    
        1135  0.2550412    
        1136  0.2548724    
        1137  0.2547036    
        1138  0.2545353    
        1139  0.2543679    
        1140  0.2542038    
        1141  0.2540364    
        1142  0.2538671    
        1143  0.2536990    
        1144  0.2535330    
        1145  0.2533684    
        1146  0.2532031    
        1147  0.2530356    
        1148  0.2528718    
        1149  0.2527061    
        1150  0.2525419    
        1151  0.2523794    
        1152  0.2522143    
        1153  0.2520444    
        1154  0.2518806    
        1155  0.2517168    
        1156  0.2515544    
        1157  0.2513918    
        1158  0.2512274    
        1159  0.2510670    
        1160  0.2509042    
        1161  0.2507431    
        1162  0.2505850    
        1163  0.2504196    
        1164  0.2502556    
        1165  0.2500967    
        1166  0.2499357    
        1167  0.2497765    
        1168  0.2496182    
        1169  0.2494569    
        1170  0.2492964    
        1171  0.2491381    
        1172  0.2489784    
        1173  0.2488198    
        1174  0.2486583    
        1175  0.2484968    
        1176  0.2483394    
        1177  0.2481806    
        1178  0.2480231    
        1179  0.2478681    
        1180  0.2477099    
        1181  0.2475500    
        1182  0.2473956    
        1183  0.2472379    
        1184  0.2470803    
        1185  0.2469248    
        1186  0.2467669    
        1187  0.2466086    
        1188  0.2464561    
        1189  0.2462986    
        1190  0.2461433    
        1191  0.2459923    
        1192  0.2458352    
        1193  0.2456789    
        1194  0.2455280    
        1195  0.2453718    
        1196  0.2452160    
        1197  0.2450665    
        1198  0.2449113    
        1199  0.2447568    
        1200  0.2446073    
        1201  0.2444532    
        1202  0.2443014    
        1203  0.2441518    
        1204  0.2439974    
        1205  0.2438438    
        1206  0.2436948    
        1207  0.2435395    
        1208  0.2433887    
        1209  0.2432399    
        1210  0.2430887    
        1211  0.2429363    
        1212  0.2427882    
        1213  0.2426379    
        1214  0.2424892    
        1215  0.2423401    
        1216  0.2421921    
        1217  0.2420393    
        1218  0.2418894    
        1219  0.2417399    
        1220  0.2415894    
        1221  0.2414418    
        1222  0.2412961    
        1223  0.2411432    
        1224  0.2409958    
        1225  0.2408512    
        1226  0.2407025    
        1227  0.2405566    
        1228  0.2404116    
        1229  0.2402635    
        1230  0.2401156    
        1231  0.2399674    
        1232  0.2398226    
        1233  0.2396764    
        1234  0.2395315    
        1235  0.2393891    
        1236  0.2392396    
        1237  0.2390950    
        1238  0.2389528    
        1239  0.2388069    
        1240  0.2386636    
        1241  0.2385211    
        1242  0.2383750    
        1243  0.2382274    
        1244  0.2380844    
        1245  0.2379430    
        1246  0.2377989    
        1247  0.2376566    
        1248  0.2375168    
        1249  0.2373702    
        1250  0.2372282    
        1251  0.2370878    
        1252  0.2369463    
        1253  0.2368048    
        1254  0.2366643    
        1255  0.2365239    
        1256  0.2363773    
        1257  0.2362373    
        1258  0.2360992    
        1259  0.2359581    
        1260  0.2358199    
        1261  0.2356815    
        1262  0.2355427    
        1263  0.2354005    
        1264  0.2352620    
        1265  0.2351252    
        1266  0.2349831    
        1267  0.2348461    
        1268  0.2347063    
        1269  0.2345659    
        1270  0.2344256    
        1271  0.2342885    
        1272  0.2341528    
        1273  0.2340133    
        1274  0.2338775    
        1275  0.2337410    
        1276  0.2336031    
        1277  0.2334659    
        1278  0.2333295    
        1279  0.2331949    
        1280  0.2330575    
        1281  0.2329226    
        1282  0.2327852    
        1283  0.2326499    
        1284  0.2325131    
        1285  0.2323776    
        1286  0.2322440    
        1287  0.2321080    
        1288  0.2319730    
        1289  0.2318386    
        1290  0.2317047    
        1291  0.2315668    
        1292  0.2314329    
        1293  0.2312995    
        1294  0.2311663    
        1295  0.2310290    
        1296  0.2308957    
        1297  0.2307632    
        1298  0.2306269    
        1299  0.2304937    
        1300  0.2303615    
        1301  0.2302308    
        1302  0.2300966    
        1303  0.2299651    
        1304  0.2298332    
        1305  0.2296998    
        1306  0.2295653    
        1307  0.2294339    
        1308  0.2293035    
        1309  0.2291701    
        1310  0.2290375    
        1311  0.2289073    
        1312  0.2287759    
        1313  0.2286426    
        1314  0.2285122    
        1315  0.2283828    
        1316  0.2282547    
        1317  0.2281230    
        1318  0.2279940    
        1319  0.2278646    
        1320  0.2277343    
        1321  0.2276022    
        1322  0.2274739    
        1323  0.2273438    
        1324  0.2272152    
        1325  0.2270849    
        1326  0.2269579    
        1327  0.2268289    
        1328  0.2267001    
        1329  0.2265704    
        1330  0.2264441    
        1331  0.2263176    
        1332  0.2261909    
        1333  0.2260625    
        1334  0.2259364    
        1335  0.2258094    
        1336  0.2256816    
        1337  0.2255538    
        1338  0.2254272    
        1339  0.2253017    
        1340  0.2251762    
        1341  0.2250491    
        1342  0.2249245    
        1343  0.2247984    
        1344  0.2246727    
        1345  0.2245468    
        1346  0.2244233    
        1347  0.2242997    
        1348  0.2241755    
        1349  0.2240494    
        1350  0.2239267    
        1351  0.2238017    
        1352  0.2236777    
        1353  0.2235508    
        1354  0.2234279    
        1355  0.2233054    
        1356  0.2231830    
        1357  0.2230577    
        1358  0.2229369    
        1359  0.2228126    
        1360  0.2226911    
        1361  0.2225664    
        1362  0.2224461    
        1363  0.2223245    
        1364  0.2222044    
        1365  0.2220795    
        1366  0.2219595    
        1367  0.2218378    
        1368  0.2217166    
        1369  0.2215920    
        1370  0.2214717    
        1371  0.2213518    
        1372  0.2212324    
        1373  0.2211109    
        1374  0.2209909    
        1375  0.2208720    
        1376  0.2207514    
        1377  0.2206318    
        1378  0.2205108    
        1379  0.2203930    
        1380  0.2202739    
        1381  0.2201557    
        1382  0.2200340    
        1383  0.2199169    
        1384  0.2197969    
        1385  0.2196772    
        1386  0.2195564    
        1387  0.2194387    
        1388  0.2193213    
        1389  0.2192036    
        1390  0.2190852    
        1391  0.2189665    
        1392  0.2188500    
        1393  0.2187305    
        1394  0.2186136    
        1395  0.2184931    
        1396  0.2183769    
        1397  0.2182593    
        1398  0.2181432    
        1399  0.2180248    
        1400  0.2179083    
        1401  0.2177917    
        1402  0.2176731    
        1403  0.2175574    
        1404  0.2174392    
        1405  0.2173243    
        1406  0.2172082    
        1407  0.2170933    
        1408  0.2169754    
        1409  0.2168602    
        1410  0.2167451    
        1411  0.2166295    
        1412  0.2165148    
        1413  0.2163981    
        1414  0.2162841    
        1415  0.2161694    
        1416  0.2160561    
        1417  0.2159404    
        1418  0.2158259    
        1419  0.2157117    
        1420  0.2155973    
        1421  0.2154845    
        1422  0.2153684    
        1423  0.2152559    
        1424  0.2151435    
        1425  0.2150311    
        1426  0.2149177    
        1427  0.2148046    
        1428  0.2146935    
        1429  0.2145795    
        1430  0.2144682    
        1431  0.2143536    
        1432  0.2142418    
        1433  0.2141310    
        1434  0.2140196    
        1435  0.2139083    
        1436  0.2137940    
        1437  0.2136833    
        1438  0.2135712    
        1439  0.2134604    
        1440  0.2133480    
        1441  0.2132360    
        1442  0.2131270    
        1443  0.2130160    
        1444  0.2129063    
        1445  0.2127947    
        1446  0.2126847    
        1447  0.2125753    
        1448  0.2124642    
        1449  0.2123539    
        1450  0.2122422    
        1451  0.2121330    
        1452  0.2120254    
        1453  0.2119159    
        1454  0.2118062    
        1455  0.2116950    
        1456  0.2115868    
        1457  0.2114783    
        1458  0.2113688    
        1459  0.2112596    
        1460  0.2111491    
        1461  0.2110418    
        1462  0.2109346    
        1463  0.2108272    
        1464  0.2107194    
        1465  0.2106097    
        1466  0.2105029    
        1467  0.2103948    
        1468  0.2102864    
        1469  0.2101797    
        1470  0.2100709    
        1471  0.2099653    
        1472  0.2098590    
        1473  0.2097514    
        1474  0.2096453    
        1475  0.2095371    
        1476  0.2094319    
        1477  0.2093249    
        1478  0.2092184    
        1479  0.2091131    
        1480  0.2090057    
        1481  0.2089012    
        1482  0.2087968    
        1483  0.2086914    
        1484  0.2085865    
        1485  0.2084797    
        1486  0.2083753    
        1487  0.2082701    
        1488  0.2081645    
        1489  0.2080604    
        1490  0.2079548    
        1491  0.2078509    
        1492  0.2077482    
        1493  0.2076427    
        1494  0.2075385    
        1495  0.2074338    
        1496  0.2073300    
        1497  0.2072262    
        1498  0.2071212    
        1499  0.2070168    
        1500  0.2069143    
        1501  0.2068106    
        1502  0.2067091    
        1503  0.2066061    
        1504  0.2065023    
        1505  0.2064013    
        1506  0.2062965    
        1507  0.2061931    
        1508  0.2060912    
        1509  0.2059880    
        1510  0.2058864    
        1511  0.2057827    
        1512  0.2056805    
        1513  0.2055802    
        1514  0.2054765    
        1515  0.2053747    
        1516  0.2052734    
        1517  0.2051706    
        1518  0.2050697    
        1519  0.2049684    
        1520  0.2048666    
        1521  0.2047677    
        1522  0.2046653    
        1523  0.2045657    
        1524  0.2044669    
        1525  0.2043648    
        1526  0.2042650    
        1527  0.2041635    
        1528  0.2040632    
        1529  0.2039641    
        1530  0.2038634    
        1531  0.2037631    
        1532  0.2036652    
        1533  0.2035639    
        1534  0.2034652    
        1535  0.2033674    
        1536  0.2032659    
        1537  0.2031671    
        1538  0.2030666    
        1539  0.2029675    
        1540  0.2028693    
        1541  0.2027697    
        1542  0.2026706    
        1543  0.2025738    
        1544  0.2024742    
        1545  0.2023767    
        1546  0.2022808    
        1547  0.2021805    
        1548  0.2020819    
        1549  0.2019849    
        1550  0.2018863    
        1551  0.2017890    
        1552  0.2016922    
        1553  0.2015934    
        1554  0.2014966    
        1555  0.2013993    
        1556  0.2013025    
        1557  0.2012068    
        1558  0.2011093    
        1559  0.2010109    
        1560  0.2009150    
        1561  0.2008178    
        1562  0.2007217    
        1563  0.2006274    
        1564  0.2005292    
        1565  0.2004329    
        1566  0.2003388    
        1567  0.2002415    
        1568  0.2001460    
        1569  0.2000518    
        1570  0.1999524    
        1571  0.1998561    
        1572  0.1997627    
        1573  0.1996663    
        1574  0.1995719    
        1575  0.1994784    
        1576  0.1993811    
        1577  0.1992866    
        1578  0.1991932    
        1579  0.1990981    
        1580  0.1990043    
        1581  0.1989103    
        1582  0.1988126    
        1583  0.1987190    
        1584  0.1986258    
        1585  0.1985319    
        1586  0.1984388    
        1587  0.1983457    
        1588  0.1982503    
        1589  0.1981572    
        1590  0.1980650    
        1591  0.1979713    
        1592  0.1978784    
        1593  0.1977849    
        1594  0.1976894    
        1595  0.1975967    
        1596  0.1975054    
        1597  0.1974118    
        1598  0.1973199    
        1599  0.1972284    
        1600  0.1971337    
        1601  0.1970416    
        1602  0.1969512    
        1603  0.1968585    
        1604  0.1967665    
        1605  0.1966749    
        1606  0.1965804    
        1607  0.1964888    
        1608  0.1963992    
        1609  0.1963070    
        1610  0.1962161    
        1611  0.1961266    
        1612  0.1960330    
        1613  0.1959420    
        1614  0.1958525    
        1615  0.1957613    
        1616  0.1956703    
        1617  0.1955796    
        1618  0.1954875    
        1619  0.1953967    
        1620  0.1953070    
        1621  0.1952176    
        1622  0.1951273    
        1623  0.1950380    
        1624  0.1949486    
        1625  0.1948570    
        1626  0.1947677    
        1627  0.1946798    
        1628  0.1945884    
        1629  0.1944979    
        1630  0.1944090    
        1631  0.1943173    
        1632  0.1942282    
        1633  0.1941400    
        1634  0.1940504    
        1635  0.1939620    
        1636  0.1938735    
        1637  0.1937837    
        1638  0.1936942    
        1639  0.1936058    
        1640  0.1935184    
        1641  0.1934275    
        1642  0.1933389    
        1643  0.1932516    
        1644  0.1931612    
        1645  0.1930735    
        1646  0.1929866    
        1647  0.1928986    
        1648  0.1928113    
        1649  0.1927243    
        1650  0.1926362    
        1651  0.1925475    
        1652  0.1924604    
        1653  0.1923740    
        1654  0.1922845    
        1655  0.1921979    
        1656  0.1921114    
        1657  0.1920227    
        1658  0.1919362    
        1659  0.1918500    
        1660  0.1917642    
        1661  0.1916767    
        1662  0.1915903    
        1663  0.1915043    
        1664  0.1914156    
        1665  0.1913298    
        1666  0.1912435    
        1667  0.1911561    
        1668  0.1910703    
        1669  0.1909845    
        1670  0.1908984    
        1671  0.1908111    
        1672  0.1907261    
        1673  0.1906421    
        1674  0.1905559    
        1675  0.1904713    
        1676  0.1903864    
        1677  0.1903004    
        1678  0.1902143    
        1679  0.1901290    
        1680  0.1900444    
        1681  0.1899583    
        1682  0.1898745    
        1683  0.1897901    
        1684  0.1897043    
        1685  0.1896195    
        1686  0.1895356    
        1687  0.1894531    
        1688  0.1893680    
        1689  0.1892850    
        1690  0.1892011    
        1691  0.1891159    
        1692  0.1890316    
        1693  0.1889473    
        1694  0.1888650    
        1695  0.1887802    
        1696  0.1886977    
        1697  0.1886142    
        1698  0.1885299    
        1699  0.1884463    
        1700  0.1883637    
        1701  0.1882824    
        1702  0.1881982    
        1703  0.1881166    
        1704  0.1880335    
        1705  0.1879499    
        1706  0.1878651    
        1707  0.1877823    
        1708  0.1877011    
        1709  0.1876182    
        1710  0.1875367    
        1711  0.1874546    
        1712  0.1873726    
        1713  0.1872894    
        1714  0.1872083    
        1715  0.1871271    
        1716  0.1870456    
        1717  0.1869642    
        1718  0.1868829    
        1719  0.1868017    
        1720  0.1867176    
        1721  0.1866366    
        1722  0.1865556    
        1723  0.1864762    
        1724  0.1863939    
        1725  0.1863139    
        1726  0.1862328    
        1727  0.1861513    
        1728  0.1860706    
        1729  0.1859908    
        1730  0.1859117    
        1731  0.1858301    
        1732  0.1857509    
        1733  0.1856702    
        1734  0.1855892    
        1735  0.1855062    
        1736  0.1854272    
        1737  0.1853476    
        1738  0.1852685    
        1739  0.1851879    
        1740  0.1851087    
        1741  0.1850287    
        1742  0.1849482    
        1743  0.1848689    
        1744  0.1847901    
        1745  0.1847124    
        1746  0.1846322    
        1747  0.1845540    
        1748  0.1844742    
        1749  0.1843943    
        1750  0.1843132    
        1751  0.1842356    
        1752  0.1841574    
        1753  0.1840802    
        1754  0.1840004    
        1755  0.1839228    
        1756  0.1838436    
        1757  0.1837657    
        1758  0.1836870    
        1759  0.1836098    
        1760  0.1835330    
        1761  0.1834550    
        1762  0.1833770    
        1763  0.1832988    
        1764  0.1832195    
        1765  0.1831406    
        1766  0.1830633    
        1767  0.1829865    
        1768  0.1829104    
        1769  0.1828321    
        1770  0.1827554    
        1771  0.1826778    
        1772  0.1826005    
        1773  0.1825217    
        1774  0.1824455    
        1775  0.1823687    
        1776  0.1822932    
        1777  0.1822151    
        1778  0.1821384    
        1779  0.1820593    
        1780  0.1819827    
        1781  0.1819045    
        1782  0.1818290    
        1783  0.1817527    
        1784  0.1816778    
        1785  0.1816002    
        1786  0.1815248    
        1787  0.1814480    
        1788  0.1813725    
        1789  0.1812953    
slurmstepd: error: *** STEP 3854451.0 ON nid00027 CANCELLED AT 2017-02-24T18:45:54 DUE TO TIME LIMIT ***
srun: Job step aborted: Waiting up to 32 seconds for job step to finish.
forrtl: error (78): process killed (SIGTERM)
Image              PC                Routine            Line        Source             
jacobi             00000000006D60F1  Unknown               Unknown  Unknown
srun: got SIGCONT
jacobi             00000000006D422B  Unknown               Unknown  Unknown
jacobi             000000000068EBD4  Unknown               Unknown  Unknown

srun: forcing job termination
Stack trace terminated abnormally.
forrtl: error (78): process killed (SIGTERM)
Image              PC                Routine            Line        Source             
jacobi             00000000006D60F1  Unknown               Unknown  Unknown
jacobi             00000000006D422B  Unknown               Unknown  Unknown
jacobi             000000000068EBD4  Unknown               Unknown  Unknown

Stack trace terminated abnormally.
forrtl: error (78): process killed (SIGTERM)
Image              PC                Routine            Line        Source             
jacobi             00000000006D60F1  Unknown               Unknown  Unknown
jacobi             00000000006D422B  Unknown               Unknown  Unknown
jacobi             000000000068EBD4  Unknown               Unknown  Unknown

Stack trace terminated abnormally.
forrtl: error (78): process killed (SIGTERM)
Image              PC                Routine            Line        Source             
jacobi             00000000006D60F1  Unknown               Unknown  Unknown
jacobi             00000000006D422B  Unknown               Unknown  Unknown

